"TOA5","CR300Series_FCRWeir","CR300","5318","CR310.Std.08.01","CPU:CR310_20231212_DO.CR300","13121","FCRWeir"
"TIMESTAMP","RECORD","BattV","PTemp_C","AirTemp_C","Lvl_psi","wtr_weir"
"TS","RN","Volts","Deg C","Deg C","psi","deg C"
"","","Smp","Smp","Smp","Smp","Smp"
"2025-02-24 14:00:00",27598,12.95,14.41,12.58,0.518,5.157
"2025-02-24 14:15:00",27599,12.82,13.71,12.7,0.505,5.222
"2025-02-24 14:30:00",27600,13.02,14.91,14.57,0.505,5.253
"2025-02-24 14:45:00",27601,13.42,16.72,16.75,0.503,5.274
"2025-02-24 15:00:00",27602,13.47,16.6,16.49,0.503,5.248
"2025-02-24 15:15:00",27603,13.12,16.08,15.23,0.503,5.207
"2025-02-24 15:30:00",27604,12.96,14.65,13.87,0.503,5.141
"2025-02-24 15:45:00",27605,13.57,14.85,14.19,0.504,5.066
"2025-02-24 16:00:00",27606,12.79,14.35,13.76,0.503,5.033
"2025-02-24 16:15:00",27607,12.73,14.08,13.54,0.504,4.921
"2025-02-24 16:30:00",27608,12.85,14.45,13.84,0.503,4.811
"2025-02-24 16:45:00",27609,12.71,13.87,13.24,0.503,4.7
"2025-02-24 17:00:00",27610,12.77,13.95,13.44,0.503,4.569
"2025-02-24 17:15:00",27611,12.75,13.37,12.55,0.502,4.413
"2025-02-24 17:30:00",27612,12.6,12.48,11.56,0.502,4.267
"2025-02-24 17:45:00",27613,12.61,11.28,10.12,0.502,4.145
"2025-02-24 18:00:00",27614,12.62,9.94,8.83,0.501,4.049
"2025-02-24 18:15:00",27615,12.6,8.78,7.822,0.502,3.974
"2025-02-24 18:30:00",27616,12.57,7.858,6.989,0.501,3.896
"2025-02-24 18:45:00",27617,12.54,7.14,6.389,0.501,3.825
"2025-02-24 19:00:00",27618,12.49,6.646,6.031,0.502,3.777
"2025-02-24 19:15:00",27619,12.48,6.36,5.837,0.501,3.755
"2025-02-24 19:30:00",27620,12.47,6.253,5.813,0.501,3.746
"2025-02-24 19:45:00",27621,12.48,6.199,5.774,0.501,3.757
"2025-02-24 20:00:00",27622,12.54,6.142,5.678,0.5,3.751
"2025-02-24 20:15:00",27623,12.51,6.043,5.579,0.501,3.742
"2025-02-24 20:30:00",27624,12.49,5.96,5.486,0.501,3.723
"2025-02-24 20:45:00",27625,12.53,5.846,5.383,0.5,3.695
"2025-02-24 21:00:00",27626,12.45,5.761,5.287,0.5,3.677
"2025-02-24 21:15:00",27627,12.48,5.793,5.303,0.5,3.656
"2025-02-24 21:30:00",27628,12.42,5.494,5.032,0.5,3.639
"2025-02-24 21:45:00",27629,12.5,5.388,4.898,0.5,3.623
"2025-02-24 22:00:00",27630,12.51,5.232,4.749,0.501,3.604
"2025-02-24 22:15:00",27631,12.44,5.06,4.603,0.5,3.588
"2025-02-24 22:30:00",27632,12.51,4.956,4.51,0.501,3.571
"2025-02-24 22:45:00",27633,12.44,4.875,4.415,0.502,3.562
"2025-02-24 23:00:00",27634,12.5,4.779,4.318,0.501,3.557
"2025-02-24 23:15:00",27635,12.44,4.638,4.125,0.502,3.544
"2025-02-24 23:30:00",27636,12.44,4.409,3.865,0.5,3.521
"2025-02-24 23:45:00",27637,12.5,4.189,3.669,0.5,3.493
"2025-02-25 00:00:00",27638,12.46,3.98,3.494,0.5,3.469
"2025-02-25 00:15:00",27639,12.45,3.779,3.258,0.5,3.442
"2025-02-25 00:30:00",27640,12.48,3.549,3.435,0.5,3.412
"2025-02-25 00:45:00",27641,12.43,3.446,3.654,0.501,3.385
"2025-02-25 01:00:00",27642,12.4,3.27,3.492,0.499,3.352
"2025-02-25 01:15:00",27643,12.48,3.076,2.821,0.5,3.325
"2025-02-25 01:30:00",27644,12.42,3.019,2.53,0.5,3.302
"2025-02-25 01:45:00",27645,12.45,2.703,2.262,0.499,3.282
"2025-02-25 02:00:00",27646,12.46,2.595,2.131,0.499,3.267
"2025-02-25 02:15:00",27647,12.5,2.501,2.087,0.499,3.266
"2025-02-25 02:30:00",27648,12.48,2.609,2.337,0.499,3.269
"2025-02-25 02:45:00",27649,12.42,2.829,2.559,0.498,3.272
"2025-02-25 03:00:00",27650,12.47,3.24,3.072,0.499,3.279
"2025-02-25 03:15:00",27651,12.47,3.558,3.272,0.498,3.281
"2025-02-25 03:30:00",27652,12.42,4.238,4.32,0.5,3.3
"2025-02-25 03:45:00",27653,12.48,5.238,5.304,0.499,3.32
"2025-02-25 04:00:00",27654,12.46,6.113,6.115,0.5,3.315
"2025-02-25 04:15:00",27655,12.39,6.685,6.52,0.499,3.312
"2025-02-25 04:30:00",27656,12.46,7.068,6.812,0.5,3.313
"2025-02-25 04:45:00",27657,12.43,7.092,6.45,0.499,3.287
"2025-02-25 05:00:00",27658,12.47,6.441,5.626,0.499,3.232
"2025-02-25 05:15:00",27659,12.4,5.705,4.828,0.498,3.154
"2025-02-25 05:30:00",27660,12.37,4.829,4.049,0.499,3.099
"2025-02-25 05:45:00",27661,12.44,4.471,4.016,0.498,3.068
"2025-02-25 06:00:00",27662,12.4,4.576,4.273,0.498,3.055
"2025-02-25 06:15:00",27663,12.37,4.702,4.281,0.499,3.037
"2025-02-25 06:30:00",27664,12.44,4.592,4.152,0.499,3.026
"2025-02-25 06:45:00",27665,12.38,4.693,4.371,0.498,3.025
"2025-02-25 07:00:00",27666,12.37,4.606,3.933,0.498,3.003
"2025-02-25 07:15:00",27667,12.37,4.088,3.407,0.499,2.996
"2025-02-25 07:30:00",27668,12.38,3.849,3.517,0.499,3.007
"2025-02-25 07:45:00",27669,12.38,4.509,4.514,0.499,3.028
"2025-02-25 08:00:00",27670,12.37,4.868,4.38,0.5,3.022
"2025-02-25 08:15:00",27671,12.41,4.787,4.648,0.5,3.055
"2025-02-25 08:30:00",27672,12.52,5.989,6.227,0.499,3.136
"2025-02-25 08:45:00",27673,12.59,7.538,7.717,0.498,3.288
"2025-02-25 09:00:00",27674,12.56,8.61,8.51,0.501,3.442
"2025-02-25 09:15:00",27675,12.49,9.05,8.69,0.501,3.555
"2025-02-25 09:30:00",27676,12.55,9.22,8.76,0.499,3.652
"2025-02-25 09:45:00",27677,12.53,9.2,8.71,0.5,3.69
"2025-02-25 10:00:00",27678,12.44,9.27,8.81,0.5,3.699
"2025-02-25 10:15:00",27679,12.56,9.48,9.08,0.501,3.724
"2025-02-25 10:30:00",27680,12.49,9.89,9.54,0.5,3.755
"2025-02-25 10:45:00",27681,12.6,10.3,9.94,0.501,3.805
"2025-02-25 11:00:00",27682,12.68,10.67,10.26,0.5,3.875
"2025-02-25 11:15:00",27683,12.66,11.25,10.86,0.502,3.986
"2025-02-25 11:30:00",27684,12.72,11.61,11.17,0.501,4.099
"2025-02-25 11:45:00",27685,12.66,12.04,11.56,0.502,4.221
"2025-02-25 12:00:00",27686,12.96,12.65,12.22,0.501,4.381
"2025-02-25 12:15:00",27687,13.39,16.64,16.21,0.502,4.663
"2025-02-25 12:30:00",27688,13.34,15.97,15.37,0.504,4.897
"2025-02-25 12:45:00",27689,12.84,16.77,16,0.504,5.153
"2025-02-25 13:00:00",27690,13.44,16.48,15.98,0.504,5.426
"2025-02-25 13:15:00",27691,13.41,17.18,16.68,0.504,5.624
"2025-02-25 13:30:00",27692,13.43,18.54,17.86,0.505,5.776
"2025-02-25 13:45:00",27693,13.4,20.75,19.91,0.504,5.902
"2025-02-25 14:00:00",27694,12.92,18.54,17.81,0.505,6.022
"2025-02-25 14:15:00",27695,12.88,19.06,18.24,0.505,6.106
"2025-02-25 14:30:00",27696,12.96,20.1,19.57,0.505,6.15
"2025-02-25 14:45:00",27697,13.37,21.55,21.4,0.505,6.179
"2025-02-25 15:00:00",27698,13.33,21.34,21.1,0.505,6.17
"2025-02-25 15:15:00",27699,13.11,20.11,19.27,0.505,6.154
"2025-02-25 15:30:00",27700,12.82,18.73,17.9,0.505,6.089
"2025-02-25 15:45:00",27701,13.03,19.31,18.57,0.505,6.019
"2025-02-25 16:00:00",27702,12.76,18.26,17.55,0.505,5.946
"2025-02-25 16:15:00",27703,12.64,17.87,17.27,0.505,5.846
"2025-02-25 16:30:00",27704,12.7,18.18,17.55,0.505,5.703
"2025-02-25 16:45:00",27705,12.61,17.77,17.16,0.504,5.544
"2025-02-25 17:00:00",27706,12.75,17.95,17.3,0.505,5.396
"2025-02-25 17:15:00",27707,12.64,17.16,16.39,0.504,5.252
"2025-02-25 17:30:00",27708,12.66,16.53,15.67,0.503,5.147
"2025-02-25 17:45:00",27709,12.62,15.64,14.78,0.503,5.027
"2025-02-25 18:00:00",27710,12.61,15.08,14.16,0.503,4.926
"2025-02-25 18:15:00",27711,12.6,13.91,12.88,0.503,4.855
"2025-02-25 18:30:00",27712,12.5,12.73,11.68,0.502,4.795
"2025-02-25 18:45:00",27713,12.56,11.64,10.64,0.504,4.736
"2025-02-25 19:00:00",27714,12.57,10.7,9.8,0.503,4.674
"2025-02-25 19:15:00",27715,12.55,10,9.22,0.503,4.591
"2025-02-25 19:30:00",27716,12.49,9.42,8.7,0.502,4.508
"2025-02-25 19:45:00",27717,12.46,8.95,8.29,0.502,4.447
"2025-02-25 20:00:00",27718,12.49,8.53,7.91,0.503,4.402
"2025-02-25 20:15:00",27719,12.46,8.26,7.677,0.502,4.362
"2025-02-25 20:30:00",27720,12.44,7.9,7.311,0.501,4.322
"2025-02-25 20:45:00",27721,12.48,7.608,7.023,0.502,4.294
"2025-02-25 21:00:00",27722,12.52,7.32,6.767,0.502,4.275
"2025-02-25 21:15:00",27723,12.44,7.132,6.622,0.501,4.266
"2025-02-25 21:30:00",27724,12.47,7.079,6.559,0.5,4.258
"2025-02-25 21:45:00",27725,12.51,6.754,6.229,0.501,4.25
"2025-02-25 22:00:00",27726,12.48,6.553,6.054,0.502,4.242
"2025-02-25 22:15:00",27727,12.48,6.416,5.949,0.502,4.23
"2025-02-25 22:30:00",27728,12.5,6.287,5.832,0.502,4.224
"2025-02-25 22:45:00",27729,12.46,6.203,5.752,0.501,4.216
"2025-02-25 23:00:00",27730,12.5,6.121,5.679,0.502,4.204
"2025-02-25 23:15:00",27731,12.45,6.022,5.546,0.501,4.196
"2025-02-25 23:30:00",27732,12.44,5.898,5.419,0.502,4.187
"2025-02-25 23:45:00",27733,12.5,5.726,5.206,0.502,4.169
"2025-02-26 00:00:00",27734,12.43,5.679,5.194,0.504,4.144
"2025-02-26 00:15:00",27735,12.42,5.414,4.934,0.503,4.123
"2025-02-26 00:30:00",27736,12.49,5.338,5.273,0.503,4.106
"2025-02-26 00:45:00",27737,12.45,5.347,5.626,0.503,4.098
"2025-02-26 01:00:00",27738,12.4,5.348,5.672,0.501,4.089
"2025-02-26 01:15:00",27739,12.39,5.326,5.154,0.503,4.081
"2025-02-26 01:30:00",27740,12.42,5.269,4.916,0.501,4.07
"2025-02-26 01:45:00",27741,12.46,5.315,4.983,0.502,4.059
"2025-02-26 02:00:00",27742,12.47,5.409,5.062,0.501,4.051
"2025-02-26 02:15:00",27743,12.43,5.456,5.068,0.503,4.043
"2025-02-26 02:30:00",27744,12.4,5.429,4.978,0.503,4.036
"2025-02-26 02:45:00",27745,12.45,5.309,4.825,0.502,4.026
"2025-02-26 03:00:00",27746,12.44,5.121,4.64,0.502,4.013
"2025-02-26 03:15:00",27747,12.48,4.969,4.492,0.502,4.001
"2025-02-26 03:30:00",27748,12.38,4.827,4.346,0.502,3.993
"2025-02-26 03:45:00",27749,12.38,4.664,4.162,0.502,3.983
"2025-02-26 04:00:00",27750,12.37,4.519,4.046,0.502,3.973
"2025-02-26 04:15:00",27751,12.45,4.398,3.937,0.502,3.963
"2025-02-26 04:30:00",27752,12.48,4.38,3.892,0.501,3.951
"2025-02-26 04:45:00",27753,12.46,4.127,3.639,0.502,3.939
"2025-02-26 05:00:00",27754,12.45,3.952,3.456,0.502,3.926
"2025-02-26 05:15:00",27755,12.38,3.833,3.387,0.502,3.913
"2025-02-26 05:30:00",27756,12.47,3.815,3.431,0.501,3.897
"2025-02-26 05:45:00",27757,12.35,3.915,3.608,0.502,3.883
"2025-02-26 06:00:00",27758,12.42,4.063,3.733,0.501,3.865
"2025-02-26 06:15:00",27759,12.46,4.201,3.886,0.501,3.845
"2025-02-26 06:30:00",27760,12.37,4.337,3.985,0.502,3.83
"2025-02-26 06:45:00",27761,12.44,4.483,4.069,0.502,3.814
"2025-02-26 07:00:00",27762,12.44,4.353,3.92,0.501,3.8
"2025-02-26 07:15:00",27763,12.37,4.403,4.003,0.501,3.788
"2025-02-26 07:30:00",27764,12.37,4.493,4.149,0.502,3.787
"2025-02-26 07:45:00",27765,12.45,4.622,4.257,0.502,3.792
"2025-02-26 08:00:00",27766,12.45,4.719,4.352,0.502,3.807
"2025-02-26 08:15:00",27767,12.43,4.925,4.614,0.502,3.834
"2025-02-26 08:30:00",27768,12.39,5.349,5.161,0.501,3.896
"2025-02-26 08:45:00",27769,12.52,5.99,5.878,0.502,3.979
"2025-02-26 09:00:00",27770,12.46,6.77,6.659,0.501,4.079
"2025-02-26 09:15:00",27771,12.52,7.597,7.475,0.502,4.188
"2025-02-26 09:30:00",27772,12.55,8.56,8.45,0.501,4.297
"2025-02-26 09:45:00",27773,12.6,9.33,9.21,0.502,4.372
"2025-02-26 10:00:00",27774,12.65,10.4,10.31,0.502,4.469
"2025-02-26 10:15:00",27775,12.77,11.44,11.25,0.502,4.56
"2025-02-26 10:30:00",27776,12.8,12.15,11.76,0.503,4.625
"2025-02-26 10:45:00",27777,12.79,12.85,12.53,0.503,4.766
"2025-02-26 11:00:00",27778,12.88,13.94,13.52,0.505,4.939
"2025-02-26 11:15:00",27779,13.21,14.88,14.48,0.504,5.1
"2025-02-26 11:30:00",27780,13.36,18.24,17.57,0.505,5.31
"2025-02-26 11:45:00",27781,13.38,18.2,17.15,0.505,5.432
"2025-02-26 12:00:00",27782,13.11,17.37,16.29,0.505,5.538
"2025-02-26 12:15:00",27783,13.63,18.87,17.8,0.505,5.586
"2025-02-26 12:30:00",27784,13.56,17.9,16.97,0.505,5.664
"2025-02-26 12:45:00",27785,12.93,18.19,17.3,0.505,5.769
"2025-02-26 13:00:00",27786,13.47,18.57,17.91,0.505,5.907
"2025-02-26 13:15:00",27787,13.48,18.61,17.96,0.504,6.068
"2025-02-26 13:30:00",27788,13.45,19.57,18.7,0.505,6.155
"2025-02-26 13:45:00",27789,13.5,20.84,19.84,0.507,6.216
"2025-02-26 14:00:00",27790,13.15,18.69,17.71,0.505,6.212
"2025-02-26 14:15:00",27791,12.99,18.59,17.77,0.507,6.228
"2025-02-26 14:30:00",27792,13.31,19.61,19.2,0.506,6.247
"2025-02-26 14:45:00",27793,13.4,21.4,21.29,0.506,6.26
"2025-02-26 15:00:00",27794,13.34,21.58,21.46,0.505,6.295
"2025-02-26 15:15:00",27795,13.06,20.71,19.91,0.507,6.288
"2025-02-26 15:30:00",27796,12.96,19.2,18.44,0.507,6.245
"2025-02-26 15:45:00",27797,12.98,19.67,18.99,0.506,6.188
"2025-02-26 16:00:00",27798,12.79,18.97,18.32,0.505,6.098
"2025-02-26 16:15:00",27799,12.76,18.59,18.09,0.505,5.988
"2025-02-26 16:30:00",27800,12.78,19.08,18.51,0.504,5.866
"2025-02-26 16:45:00",27801,12.66,18.55,18.03,0.504,5.743
"2025-02-26 17:00:00",27802,12.72,18.73,18.24,0.505,5.607
"2025-02-26 17:15:00",27803,12.69,18.48,17.86,0.504,5.489
"2025-02-26 17:30:00",27804,12.63,17.87,17.03,0.504,5.365
"2025-02-26 17:45:00",27805,12.58,16.8,15.71,0.504,5.241
"2025-02-26 18:00:00",27806,12.54,15.48,14.34,0.503,5.127
"2025-02-26 18:15:00",27807,12.52,14.23,13.19,0.503,5.035
"2025-02-26 18:30:00",27808,12.56,13.2,12.28,0.503,4.96
"2025-02-26 18:45:00",27809,12.59,12.45,11.7,0.502,4.907
"2025-02-26 19:00:00",27810,12.61,12.02,11.42,0.502,4.875
"2025-02-26 19:15:00",27811,12.49,11.77,11.24,0.503,4.855
"2025-02-26 19:30:00",27812,12.54,11.62,11.14,0.503,4.846
"2025-02-26 19:45:00",27813,12.51,11.56,11.13,0.503,4.839
"2025-02-26 20:00:00",27814,12.48,11.64,11.29,0.503,4.843
"2025-02-26 20:15:00",27815,12.55,11.8,11.46,0.503,4.839
"2025-02-26 20:30:00",27816,12.45,11.82,11.4,0.503,4.835
"2025-02-26 20:45:00",27817,12.49,11.79,11.32,0.503,4.833
"2025-02-26 21:00:00",27818,12.53,11.71,11.24,0.501,4.827
"2025-02-26 21:15:00",27819,12.53,11.5,10.91,0.502,4.805
"2025-02-26 21:30:00",27820,12.45,11.15,10.62,0.503,4.787
"2025-02-26 21:45:00",27821,12.48,10.99,10.44,0.503,4.765
"2025-02-26 22:00:00",27822,12.47,10.75,10.22,0.503,4.744
"2025-02-26 22:15:00",27823,12.45,10.51,9.92,0.502,4.716
"2025-02-26 22:30:00",27824,12.54,10.13,9.51,0.503,4.684
"2025-02-26 22:45:00",27825,12.46,9.77,9.16,0.503,4.652
"2025-02-26 23:00:00",27826,12.49,9.44,8.87,0.502,4.624
"2025-02-26 23:15:00",27827,12.44,9.19,8.65,0.502,4.612
"2025-02-26 23:30:00",27828,12.48,9.01,8.49,0.502,4.611
"2025-02-26 23:45:00",27829,12.53,8.85,8.35,0.502,4.61
"2025-02-27 00:00:00",27830,12.51,8.71,8.2,0.501,4.609
"2025-02-27 00:15:00",27831,12.47,8.52,8.01,0.503,4.603
"2025-02-27 00:30:00",27832,12.41,8.55,8.41,0.503,4.6
"2025-02-27 00:45:00",27833,12.43,8.35,8.53,0.501,4.592
"2025-02-27 01:00:00",27834,12.4,8.19,8.43,0.502,4.593
"2025-02-27 01:15:00",27835,12.42,8.1,7.905,0.501,4.603
"2025-02-27 01:30:00",27836,12.41,8.09,7.76,0.502,4.613
"2025-02-27 01:45:00",27837,12.49,8.23,7.986,0.502,4.647
"2025-02-27 02:00:00",27838,12.42,8.51,8.22,0.503,4.679
"2025-02-27 02:15:00",27839,12.42,8.63,8.26,0.503,4.704
"2025-02-27 02:30:00",27840,12.46,8.75,8.44,0.502,4.736
"2025-02-27 02:45:00",27841,12.42,8.92,8.59,0.504,4.77
"2025-02-27 03:00:00",27842,12.39,9.12,8.81,0.501,4.802
"2025-02-27 03:15:00",27843,12.46,9.33,9.02,0.503,4.838
"2025-02-27 03:30:00",27844,12.49,9.5,9.14,0.502,4.876
"2025-02-27 03:45:00",27845,12.45,9.54,9.12,0.503,4.909
"2025-02-27 04:00:00",27846,12.39,9.56,9.13,0.503,4.94
"2025-02-27 04:15:00",27847,12.43,9.55,9.12,0.504,4.961
"2025-02-27 04:30:00",27848,12.48,9.49,9.03,0.504,4.957
"2025-02-27 04:45:00",27849,12.48,9.43,9,0.503,4.941
"2025-02-27 05:00:00",27850,12.47,9.39,8.96,0.503,4.923
"2025-02-27 05:15:00",27851,12.45,9.33,8.91,0.503,4.919
"2025-02-27 05:30:00",27852,12.44,9.3,8.87,0.502,4.918
"2025-02-27 05:45:00",27853,12.49,9.27,8.88,0.503,4.925
"2025-02-27 06:00:00",27854,12.38,9.29,8.88,0.504,4.932
"2025-02-27 06:15:00",27855,12.42,9.3,8.89,0.503,4.94
"2025-02-27 06:30:00",27856,12.4,9.31,8.94,0.503,4.95
"2025-02-27 06:45:00",27857,12.4,9.38,9.01,0.503,4.954
"2025-02-27 07:00:00",27858,12.47,9.49,9.11,0.503,4.953
"2025-02-27 07:15:00",27859,12.4,9.62,9.21,0.503,4.952
"2025-02-27 07:30:00",27860,12.4,9.72,9.34,0.503,4.953
"2025-02-27 07:45:00",27861,12.46,9.85,9.45,0.502,4.964
"2025-02-27 08:00:00",27862,12.49,10.12,9.86,0.503,4.996
"2025-02-27 08:15:00",27863,12.45,10.58,10.41,0.503,5.035
"2025-02-27 08:30:00",27864,12.48,11.55,11.65,0.503,5.108
"2025-02-27 08:45:00",27865,12.5,12.65,12.6,0.502,5.161
"2025-02-27 09:00:00",27866,12.49,13.44,13.25,0.503,5.215
"2025-02-27 09:15:00",27867,12.48,13.88,13.59,0.502,5.262
"2025-02-27 09:30:00",27868,12.5,14.41,14.15,0.503,5.324
"2025-02-27 09:45:00",27869,12.43,14.68,14.25,0.504,5.366
"2025-02-27 10:00:00",27870,12.5,14.64,14.09,0.503,5.386
"2025-02-27 10:15:00",27871,12.56,14.68,14.23,0.503,5.453
"2025-02-27 10:30:00",27872,12.57,15.1,14.74,0.505,5.546
"2025-02-27 10:45:00",27873,12.62,15.66,15.33,0.504,5.691
"2025-02-27 11:00:00",27874,12.6,16.11,15.7,0.504,5.864
"2025-02-27 11:15:00",27875,12.72,16.25,15.72,0.505,5.965
"2025-02-27 11:30:00",27876,12.71,16.59,16.08,0.504,6.078
"2025-02-27 11:45:00",27877,12.62,16.43,15.86,0.504,6.144
"2025-02-27 12:00:00",27878,12.66,16.16,15.55,0.504,6.124
"2025-02-27 12:15:00",27879,12.72,16.58,16.15,0.506,6.185
"2025-02-27 12:30:00",27880,12.69,16.49,15.95,0.505,6.21
"2025-02-27 12:45:00",27881,12.58,16.48,15.87,0.506,6.208
"2025-02-27 13:00:00",27882,12.63,16.08,15.45,0.505,6.199
"2025-02-27 13:15:00",27883,12.72,16.12,15.61,0.506,6.193
"2025-02-27 13:30:00",27884,12.63,16.03,15.51,0.506,6.168
"2025-02-27 13:45:00",27885,12.66,16.21,15.7,0.504,6.183
"2025-02-27 14:00:00",27886,12.69,16.53,16.02,0.507,6.237
"2025-02-27 14:15:00",27887,12.63,16.46,15.89,0.506,6.26
"2025-02-27 14:30:00",27888,12.62,16.19,15.98,0.506,6.233
"2025-02-27 14:45:00",27889,12.71,16.19,16.36,0.505,6.22
"2025-02-27 15:00:00",27890,12.91,16.65,16.92,0.505,6.205
"2025-02-27 15:15:00",27891,12.72,16.77,16.47,0.505,6.265
"2025-02-27 15:30:00",27892,12.69,16.51,15.99,0.506,6.208
"2025-02-27 15:45:00",27893,12.81,16.78,16.28,0.506,6.219
"2025-02-27 16:00:00",27894,12.79,16.78,16.3,0.504,6.207
"2025-02-27 16:15:00",27895,12.73,17.03,16.71,0.506,6.217
"2025-02-27 16:30:00",27896,12.71,17.26,16.8,0.505,6.216
"2025-02-27 16:45:00",27897,12.74,17.2,16.68,0.506,6.186
"2025-02-27 17:00:00",27898,12.76,17.12,16.52,0.504,6.149
"2025-02-27 17:15:00",27899,12.67,16.85,16.16,0.504,6.062
"2025-02-27 17:30:00",27900,12.59,16.47,15.79,0.505,5.974
"2025-02-27 17:45:00",27901,12.63,15.74,14.9,0.504,5.835
"2025-02-27 18:00:00",27902,12.56,15.03,14.15,0.504,5.656
"2025-02-27 18:15:00",27903,12.5,14.23,13.5,0.503,5.511
"2025-02-27 18:30:00",27904,12.5,13.8,13.14,0.502,5.392
"2025-02-27 18:45:00",27905,12.43,13.22,12.54,0.502,5.317
"2025-02-27 19:00:00",27906,12.46,12.81,12.11,0.502,5.242
"2025-02-27 19:15:00",27907,12.48,12.14,11.24,0.503,5.173
"2025-02-27 19:30:00",27908,12.49,11.62,11,0.503,5.143
"2025-02-27 19:45:00",27909,12.43,11.42,10.86,0.502,5.081
"2025-02-27 20:00:00",27910,12.43,11.13,10.57,0.503,5.026
"2025-02-27 20:15:00",27911,12.51,11.01,10.33,0.503,4.984
"2025-02-27 20:30:00",27912,12.47,10.45,9.77,0.502,4.946
"2025-02-27 20:45:00",27913,12.5,10.28,9.87,0.502,4.904
"2025-02-27 21:00:00",27914,12.41,10.38,10.01,0.501,4.866
"2025-02-27 21:15:00",27915,12.5,10.67,10.43,0.502,4.852
"2025-02-27 21:30:00",27916,12.45,10.69,10.16,0.503,4.844
"2025-02-27 21:45:00",27917,12.44,10.44,9.92,0.503,4.864
"2025-02-27 22:00:00",27918,12.44,10.13,9.5,0.502,4.877
"2025-02-27 22:15:00",27919,12.39,9.84,9.19,0.503,4.889
"2025-02-27 22:30:00",27920,12.41,9.25,8.57,0.501,4.879
"2025-02-27 22:45:00",27921,12.46,8.78,8.07,0.502,4.856
"2025-02-27 23:00:00",27922,12.39,8.39,7.811,0.502,4.831
"2025-02-27 23:15:00",27923,12.38,8.09,7.58,0.502,4.817
"2025-02-27 23:30:00",27924,12.44,7.969,7.517,0.502,4.794
"2025-02-27 23:45:00",27925,12.43,8.07,7.772,0.502,4.798
"2025-02-28 00:00:00",27926,12.4,8.25,7.877,0.501,4.8
"2025-02-28 00:15:00",27927,12.44,8.12,7.518,0.501,4.766
"2025-02-28 00:30:00",27928,12.35,7.752,7.528,0.501,4.734
"2025-02-28 00:45:00",27929,12.45,7.535,7.607,0.502,4.692
"2025-02-28 01:00:00",27930,12.35,7.356,7.504,0.501,4.654
"2025-02-28 01:15:00",27931,12.37,7.121,6.826,0.501,4.597
"2025-02-28 01:30:00",27932,12.44,7.116,6.757,0.501,4.558
"2025-02-28 01:45:00",27933,12.45,7.045,6.586,0.501,4.527
"2025-02-28 02:00:00",27934,12.46,6.949,6.622,0.501,4.505
"2025-02-28 02:15:00",27935,12.35,7.087,6.694,0.5,4.503
"2025-02-28 02:30:00",27936,12.42,6.69,5.922,0.501,4.485
"2025-02-28 02:45:00",27937,12.42,6.126,5.536,0.502,4.485
"2025-02-28 03:00:00",27938,12.38,5.986,5.608,0.5,4.475
"2025-02-28 03:15:00",27939,12.45,6.146,5.861,0.5,4.468
"2025-02-28 03:30:00",27940,12.44,6.403,6.158,0.5,4.463
"2025-02-28 03:45:00",27941,12.39,6.657,6.393,0.501,4.455
"2025-02-28 04:00:00",27942,12.35,6.807,6.462,0.5,4.425
"2025-02-28 04:15:00",27943,12.33,6.938,6.6,0.5,4.409
"2025-02-28 04:30:00",27944,12.33,7.047,6.671,0.499,4.395
"2025-02-28 04:45:00",27945,12.36,7.074,6.668,0.501,4.371
"2025-02-28 05:00:00",27946,12.42,7.061,6.63,0.5,4.353
"2025-02-28 05:15:00",27947,12.35,7.035,6.575,0.499,4.337
"2025-02-28 05:30:00",27948,12.41,6.813,6.286,0.5,4.301
"2025-02-28 05:45:00",27949,12.43,6.575,6.034,0.5,4.259
"2025-02-28 06:00:00",27950,12.33,6.305,5.737,0.5,4.189
"2025-02-28 06:15:00",27951,12.43,6.029,5.486,0.5,4.106
"2025-02-28 06:30:00",27952,12.38,5.773,5.218,0.5,4.043
"2025-02-28 06:45:00",27953,12.38,5.716,5.167,0.5,3.997
"2025-02-28 07:00:00",27954,12.35,5.444,4.939,0.5,3.949
"2025-02-28 07:15:00",27955,12.42,5.319,4.785,0.499,3.942
"2025-02-28 07:30:00",27956,12.42,5.2,4.692,0.5,3.934
"2025-02-28 07:45:00",27957,12.34,5.098,4.58,0.499,3.924
"2025-02-28 08:00:00",27958,12.37,5.034,4.578,0.499,3.902
"2025-02-28 08:15:00",27959,12.39,5.06,4.661,0.498,3.908
"2025-02-28 08:30:00",27960,12.33,5.188,4.787,0.499,3.941
"2025-02-28 08:45:00",27961,12.43,5.231,4.847,0.501,3.958
"2025-02-28 09:00:00",27962,12.38,5.424,5.096,0.499,3.979
"2025-02-28 09:15:00",27963,12.39,5.798,5.536,0.5,4
"2025-02-28 09:30:00",27964,12.48,6.107,5.83,0.499,4.052
"2025-02-28 09:45:00",27965,12.63,7.311,7.066,0.5,4.131
"2025-02-28 10:00:00",27966,12.71,7.979,7.686,0.499,4.232
"2025-02-28 10:15:00",27967,12.61,8.47,8.06,0.499,4.331
"2025-02-28 10:30:00",27968,12.64,8.55,8.14,0.501,4.47
"2025-02-28 10:45:00",27969,12.56,8.72,8.31,0.501,4.659
"2025-02-28 11:00:00",27970,12.75,9.89,9.51,0.501,4.877
"2025-02-28 11:15:00",27971,13.35,11.37,10.98,0.501,5.065
"2025-02-28 11:30:00",27972,13.44,14.48,13.65,0.504,5.268
"2025-02-28 11:45:00",27973,13.44,14.97,13.87,0.502,5.477
"2025-02-28 12:00:00",27974,13.61,15.08,13.93,0.503,5.662
"2025-02-28 12:15:00",27975,13.69,15.58,14.47,0.502,5.832
"2025-02-28 12:30:00",27976,13.52,14.39,13.52,0.504,5.96
"2025-02-28 12:45:00",27977,12.9,14.32,13.39,0.503,6.095
"2025-02-28 13:00:00",27978,13.62,14.69,13.99,0.503,6.255
"2025-02-28 13:15:00",27979,13.63,14.54,13.91,0.504,6.386
"2025-02-28 13:30:00",27980,13.63,15.68,14.97,0.505,6.504
"2025-02-28 13:45:00",27981,13.53,16.84,15.99,0.505,6.597
"2025-02-28 14:00:00",27982,13.55,15.29,14.57,0.505,6.663
"2025-02-28 14:15:00",27983,13,14.89,14.08,0.503,6.692
"2025-02-28 14:30:00",27984,13.33,15.63,15.35,0.505,6.697
"2025-02-28 14:45:00",27985,13.5,17.79,17.7,0.505,6.691
"2025-02-28 15:00:00",27986,13.49,18.15,18,0.507,6.674
"2025-02-28 15:15:00",27987,13.05,17.09,16.3,0.505,6.625
"2025-02-28 15:30:00",27988,13,15.8,15.05,0.504,6.529
"2025-02-28 15:45:00",27989,12.98,15.69,14.97,0.505,6.489
"2025-02-28 16:00:00",27990,12.75,15.12,14.46,0.504,6.426
"2025-02-28 16:15:00",27991,13.02,14.72,14.24,0.505,6.348
"2025-02-28 16:30:00",27992,12.75,14.63,14.05,0.503,6.239
"2025-02-28 16:45:00",27993,12.75,14.51,14.03,0.504,6.105
"2025-02-28 17:00:00",27994,12.96,14.61,14.17,0.503,5.955
"2025-02-28 17:15:00",27995,12.76,14.5,13.95,0.503,5.819
"2025-02-28 17:30:00",27996,12.68,14.23,13.66,0.502,5.687
"2025-02-28 17:45:00",27997,12.62,13.83,13.13,0.503,5.576
"2025-02-28 18:00:00",27998,12.53,13.19,12.45,0.504,5.48
"2025-02-28 18:15:00",27999,12.59,12.65,12,0.503,5.397
"2025-02-28 18:30:00",28000,12.54,12.22,11.57,0.501,5.311
"2025-02-28 18:45:00",28001,12.57,11.57,10.63,0.501,5.216
"2025-02-28 19:00:00",28002,12.49,10.6,9.64,0.502,5.116
"2025-02-28 19:15:00",28003,12.54,9.78,8.89,0.502,5.032
"2025-02-28 19:30:00",28004,12.55,9.04,8.18,0.502,4.968
"2025-02-28 19:45:00",28005,12.51,8.41,7.656,0.501,4.907
"2025-02-28 20:00:00",28006,12.52,7.981,7.302,0.502,4.865
"2025-02-28 20:15:00",28007,12.53,7.627,6.964,0.502,4.82
"2025-02-28 20:30:00",28008,12.44,7.314,6.687,0.502,4.777
"2025-02-28 20:45:00",28009,12.56,7.078,6.481,0.501,4.739
"2025-02-28 21:00:00",28010,12.56,6.81,6.202,0.501,4.705
"2025-02-28 21:15:00",28011,12.45,6.571,5.987,0.501,4.681
"2025-02-28 21:30:00",28012,12.5,6.376,5.808,0.501,4.661
"2025-02-28 21:45:00",28013,12.53,6.21,5.659,0.503,4.641
"2025-02-28 22:00:00",28014,12.45,6.067,5.532,0.5,4.624
"2025-02-28 22:15:00",28015,12.46,5.901,5.336,0.501,4.598
"2025-02-28 22:30:00",28016,12.54,5.734,5.204,0.501,4.582
"2025-02-28 22:45:00",28017,12.51,5.805,5.351,0.499,4.567
"2025-02-28 23:00:00",28018,12.52,5.712,5.316,0.5,4.56
"2025-02-28 23:15:00",28019,12.45,5.983,5.855,0.5,4.565
"2025-02-28 23:30:00",28020,12.44,6.601,6.594,0.501,4.589
"2025-02-28 23:45:00",28021,12.54,7.737,8,0.5,4.614
"2025-03-01 00:00:00",28022,12.43,9.05,9.13,0.5,4.629
"2025-03-01 00:15:00",28023,12.49,9.62,9.52,0.5,4.635
"2025-03-01 00:30:00",28024,12.48,10.28,10.47,0.501,4.64
"2025-03-01 00:45:00",28025,12.42,10.59,10.91,0.501,4.641
"2025-03-01 01:00:00",28026,12.47,10.75,11.22,0.5,4.638
"2025-03-01 01:15:00",28027,12.44,11.02,10.96,0.502,4.647
"2025-03-01 01:30:00",28028,12.44,11.25,10.94,0.501,4.665
"2025-03-01 01:45:00",28029,12.49,11.27,10.98,0.503,4.687
"2025-03-01 02:00:00",28030,12.5,11.39,11.06,0.5,4.709
"2025-03-01 02:15:00",28031,12.51,11.5,11.17,0.5,4.728
"2025-03-01 02:30:00",28032,12.42,11.66,11.31,0.5,4.745
"2025-03-01 02:45:00",28033,12.42,11.72,11.33,0.501,4.749
"2025-03-01 03:00:00",28034,12.46,11.67,11.18,0.501,4.755
"2025-03-01 03:15:00",28035,12.45,11.59,11.19,0.501,4.759
"2025-03-01 03:30:00",28036,12.45,11.59,11.14,0.502,4.755
"2025-03-01 03:45:00",28037,12.5,11.46,10.99,0.501,4.745
"2025-03-01 04:00:00",28038,12.48,11.47,11.06,0.502,4.74
"2025-03-01 04:15:00",28039,12.43,11.45,11.01,0.501,4.733
"2025-03-01 04:30:00",28040,12.47,11.38,10.94,0.505,4.723
"2025-03-01 04:45:00",28041,12.42,11.44,11.09,0.502,4.722
"2025-03-01 05:00:00",28042,12.51,11.53,11.17,0.501,4.721
"2025-03-01 05:15:00",28043,12.4,11.56,11.15,0.502,4.721
"2025-03-01 05:30:00",28044,12.49,11.53,11.1,0.503,4.719
"2025-03-01 05:45:00",28045,12.42,11.56,11.2,0.503,4.718
"2025-03-01 06:00:00",28046,12.41,11.64,11.29,0.501,4.721
"2025-03-01 06:15:00",28047,12.5,11.68,11.29,0.501,4.725
"2025-03-01 06:30:00",28048,12.44,11.66,11.19,0.501,4.733
"2025-03-01 06:45:00",28049,12.46,11.56,11.1,0.502,4.735
"2025-03-01 07:00:00",28050,12.4,11.55,11.05,0.501,4.742
"2025-03-01 07:15:00",28051,12.47,11.5,11.03,0.501,4.746
"2025-03-01 07:30:00",28052,12.41,11.37,10.77,0.501,4.748
"2025-03-01 07:45:00",28053,12.44,10.93,10.18,0.501,4.74
"2025-03-01 08:00:00",28054,12.46,10.59,10.16,0.502,4.749
"2025-03-01 08:15:00",28055,12.45,11.24,11.13,0.501,4.786
"2025-03-01 08:30:00",28056,12.44,11.65,11.37,0.5,4.83
"2025-03-01 08:45:00",28057,12.49,11.98,11.71,0.502,4.887
"2025-03-01 09:00:00",28058,12.52,12.35,12.03,0.502,4.968
"2025-03-01 09:15:00",28059,12.52,12.65,12.29,0.502,5.045
"2025-03-01 09:30:00",28060,12.55,12.78,12.34,0.503,5.101
"2025-03-01 09:45:00",28061,12.85,13.72,13.36,0.502,5.166
"2025-03-01 10:00:00",28062,12.88,14.24,13.9,0.502,5.267
"2025-03-01 10:15:00",28063,12.74,14.82,14.4,0.503,5.369
"2025-03-01 10:30:00",28064,12.77,15.36,15,0.502,5.529
"2025-03-01 10:45:00",28065,12.63,15.44,15.06,0.503,5.742
"2025-03-01 11:00:00",28066,12.89,16.17,15.65,0.504,5.956
"2025-03-01 11:15:00",28067,13.19,18.64,18.03,0.503,6.141
"2025-03-01 11:30:00",28068,13.44,18.74,17.88,0.503,6.296
"2025-03-01 11:45:00",28069,13.47,19.89,18.82,0.504,6.472
"2025-03-01 12:00:00",28070,13.46,20.12,19.05,0.504,6.634
"2025-03-01 12:15:00",28071,13.49,20.85,19.86,0.505,6.83
"2025-03-01 12:30:00",28072,13.54,19.95,19.07,0.507,6.977
"2025-03-01 12:45:00",28073,12.91,19.63,18.64,0.506,7.11
"2025-03-01 13:00:00",28074,13.44,19.96,19.16,0.507,7.237
"2025-03-01 13:15:00",28075,13.49,19.72,18.98,0.505,7.36
"2025-03-01 13:30:00",28076,13.43,20.33,19.46,0.507,7.424
"2025-03-01 13:45:00",28077,13.05,19.15,18.08,0.506,7.352
"2025-03-01 14:00:00",28078,13.51,19.61,18.75,0.504,7.328
"2025-03-01 14:15:00",28079,13.18,18.7,17.78,0.505,7.365
"2025-03-01 14:30:00",28080,13.4,20.39,19.76,0.505,7.318
"2025-03-01 14:45:00",28081,13.45,20.58,20.01,0.505,7.315
"2025-03-01 15:00:00",28082,13.35,20.33,19.85,0.506,7.302
"2025-03-01 15:15:00",28083,13.07,18.45,17.51,0.507,7.226
"2025-03-01 15:30:00",28084,12.96,17.5,16.59,0.508,7.187
"2025-03-01 15:45:00",28085,13.23,16.76,15.81,0.506,7.079
"2025-03-01 16:00:00",28086,12.72,15.59,14.65,0.508,6.886
"2025-03-01 16:15:00",28087,12.83,15.05,14.32,0.506,6.687
"2025-03-01 16:30:00",28088,12.77,14.45,13.75,0.508,6.5
"2025-03-01 16:45:00",28089,12.8,14.12,13.44,0.505,6.306
"2025-03-01 17:00:00",28090,12.66,13.75,13.06,0.505,6.139
"2025-03-01 17:15:00",28091,12.67,13.06,12.35,0.506,5.987
"2025-03-01 17:30:00",28092,12.65,12.5,11.62,0.505,5.866
"2025-03-01 17:45:00",28093,12.68,11.44,10.37,0.504,5.701
"2025-03-01 18:00:00",28094,12.55,10.42,9.44,0.503,5.554
"2025-03-01 18:15:00",28095,12.62,9.7,8.82,0.505,5.434
"2025-03-01 18:30:00",28096,12.57,8.78,7.932,0.502,5.329
"2025-03-01 18:45:00",28097,12.53,8.15,7.373,0.504,5.248
"2025-03-01 19:00:00",28098,12.59,7.558,6.824,0.502,5.175
"2025-03-01 19:15:00",28099,12.5,7.12,6.465,0.503,5.102
"2025-03-01 19:30:00",28100,12.52,6.79,6.171,0.504,5.054
"2025-03-01 19:45:00",28101,12.57,6.492,5.862,0.503,5.011
"2025-03-01 20:00:00",28102,12.6,6.076,5.405,0.503,4.925
"2025-03-01 20:15:00",28103,12.55,5.754,5.086,0.503,4.862
"2025-03-01 20:30:00",28104,12.55,5.237,4.552,0.503,4.791
"2025-03-01 20:45:00",28105,12.46,4.878,4.254,0.504,4.743
"2025-03-01 21:00:00",28106,12.54,4.536,3.91,0.503,4.684
"2025-03-01 21:15:00",28107,12.52,4.399,3.817,0.502,4.639
"2025-03-01 21:30:00",28108,12.54,4.037,3.468,0.501,4.616
"2025-03-01 21:45:00",28109,12.48,3.784,3.166,0.501,4.556
"2025-03-01 22:00:00",28110,12.53,3.477,2.872,0.501,4.506
"2025-03-01 22:15:00",28111,12.45,3.176,2.577,0.503,4.453
"2025-03-01 22:30:00",28112,12.45,3.06,2.495,0.502,4.428
"2025-03-01 22:45:00",28113,12.42,2.752,2.208,0.501,4.376
"2025-03-01 23:00:00",28114,12.47,2.476,1.908,0.5,4.292
"2025-03-01 23:15:00",28115,12.43,2.275,1.729,0.502,4.262
"2025-03-01 23:30:00",28116,12.52,2.062,1.498,0.502,4.249
"2025-03-01 23:45:00",28117,12.46,1.865,1.28,0.502,4.203
"2025-03-02 00:00:00",28118,12.44,1.656,1.016,0.5,4.161
"2025-03-02 00:15:00",28119,12.44,1.221,0.616,0.501,4.079
"2025-03-02 00:30:00",28120,12.48,0.982,0.782,0.501,4.027
"2025-03-02 00:45:00",28121,12.47,0.799,0.938,0.5,3.954
"2025-03-02 01:00:00",28122,12.43,0.64,0.816,0.5,3.894
"2025-03-02 01:15:00",28123,12.52,0.463,0.145,0.5,3.847
"2025-03-02 01:30:00",28124,12.52,0.287,-0.22,0.501,3.843
"2025-03-02 01:45:00",28125,12.44,0.192,-0.355,0.501,3.845
"2025-03-02 02:00:00",28126,12.47,-0.066,-0.632,0.502,3.814
"2025-03-02 02:15:00",28127,12.48,-0.236,-0.791,0.501,3.756
"2025-03-02 02:30:00",28128,12.43,-0.452,-1.026,0.501,3.675
"2025-03-02 02:45:00",28129,12.5,-0.711,-1.293,0.5,3.597
"2025-03-02 03:00:00",28130,12.49,-0.999,-1.56,0.5,3.555
"2025-03-02 03:15:00",28131,12.5,-1.074,-1.603,0.499,3.538
"2025-03-02 03:30:00",28132,12.41,-1.295,-1.806,0.5,3.581
"2025-03-02 03:45:00",28133,12.49,-1.34,-1.836,0.5,3.569
"2025-03-02 04:00:00",28134,12.37,-1.391,-1.915,0.502,3.566
"2025-03-02 04:15:00",28135,12.43,-1.504,-2.055,0.501,3.562
"2025-03-02 04:30:00",28136,12.45,-1.639,-2.188,0.501,3.564
"2025-03-02 04:45:00",28137,12.46,-1.783,-2.339,0.501,3.557
"2025-03-02 05:00:00",28138,12.4,-1.918,-2.462,0.501,3.545
"2025-03-02 05:15:00",28139,12.4,-2.017,-2.547,0.499,3.525
"2025-03-02 05:30:00",28140,12.43,-2.115,-2.673,0.499,3.504
"2025-03-02 05:45:00",28141,12.47,-2.201,-2.768,0.5,3.481
"2025-03-02 06:00:00",28142,12.44,-2.368,-2.949,0.499,3.448
"2025-03-02 06:15:00",28143,12.48,-2.392,-2.964,0.498,3.423
"2025-03-02 06:30:00",28144,12.4,-2.532,-3.066,0.499,3.392
"2025-03-02 06:45:00",28145,12.43,-2.712,-3.311,0.498,3.352
"2025-03-02 07:00:00",28146,12.46,-2.81,-3.396,0.499,3.311
"2025-03-02 07:15:00",28147,12.39,-2.891,-3.434,0.498,3.287
"2025-03-02 07:30:00",28148,12.49,-2.876,-3.37,0.499,3.272
"2025-03-02 07:45:00",28149,12.41,-2.81,-3.276,0.499,3.265
"2025-03-02 08:00:00",28150,12.48,-2.72,-3.171,0.498,3.269
"2025-03-02 08:15:00",28151,12.46,-2.592,-3.026,0.499,3.277
"2025-03-02 08:30:00",28152,12.45,-2.443,-2.845,0.5,3.274
"2025-03-02 08:45:00",28153,12.43,-2.262,-2.614,0.499,3.29
"2025-03-02 09:00:00",28154,12.51,-1.957,-2.278,0.499,3.322
"2025-03-02 09:15:00",28155,12.55,-1.638,-1.905,0.498,3.366
"2025-03-02 09:30:00",28156,12.66,-1.102,-1.36,0.5,3.466
"2025-03-02 09:45:00",28157,13.02,0.441,0.206,0.499,3.558
"2025-03-02 10:00:00",28158,12.91,1.163,0.852,0.498,3.662
"2025-03-02 10:15:00",28159,12.8,1.507,0.96,0.501,3.766
"2025-03-02 10:30:00",28160,12.87,1.753,1.265,0.503,3.863
"2025-03-02 10:45:00",28161,12.74,1.685,1.226,0.502,4.02
"2025-03-02 11:00:00",28162,12.86,2.412,1.979,0.504,4.25
"2025-03-02 11:15:00",28163,14,5.088,4.727,0.502,4.474
"2025-03-02 11:30:00",28164,13.92,5.8,5.052,0.503,4.665
"2025-03-02 11:45:00",28165,13.97,6.742,5.941,0.503,4.892
"2025-03-02 12:00:00",28166,13.97,7.095,6.224,0.504,5.09
"2025-03-02 12:15:00",28167,14.05,7.356,6.564,0.504,5.277
"2025-03-02 12:30:00",28168,14.02,6.745,5.966,0.506,5.436
"2025-03-02 12:45:00",28169,13.01,6.436,5.748,0.506,5.593
"2025-03-02 13:00:00",28170,14.1,7.551,7.038,0.505,5.748
"2025-03-02 13:15:00",28171,14.02,7.668,7.199,0.507,5.889
"2025-03-02 13:30:00",28172,14.03,8.72,8.05,0.506,6.018
"2025-03-02 13:45:00",28173,13.33,8.76,7.999,0.506,6.109
"2025-03-02 14:00:00",28174,14,8.41,7.769,0.506,6.187
"2025-03-02 14:15:00",28175,13.86,7.654,7.023,0.505,6.249
"2025-03-02 14:30:00",28176,14.03,9.72,9.53,0.505,6.269
"2025-03-02 14:45:00",28177,13.96,10.03,10.14,0.507,6.258
"2025-03-02 15:00:00",28178,13.91,10.3,10.51,0.506,6.267
"2025-03-02 15:15:00",28179,13.06,9.14,8.61,0.505,6.238
"2025-03-02 15:30:00",28180,13.98,10.25,9.65,0.508,6.184
"2025-03-02 15:45:00",28181,13.95,9.02,8.26,0.506,6.093
"2025-03-02 16:00:00",28182,12.81,8.22,7.523,0.505,5.99
"2025-03-02 16:15:00",28183,13.01,8.32,7.799,0.506,5.888
"2025-03-02 16:30:00",28184,12.84,7.79,7.238,0.507,5.744
"2025-03-02 16:45:00",28185,12.95,8.07,7.582,0.505,5.572
"2025-03-02 17:00:00",28186,12.98,8.13,7.612,0.505,5.424
"2025-03-02 17:15:00",28187,12.89,7.63,7.033,0.503,5.282
"2025-03-02 17:30:00",28188,12.79,7.125,6.483,0.503,5.138
"2025-03-02 17:45:00",28189,12.65,6.632,5.906,0.503,5.029
"2025-03-02 18:00:00",28190,12.67,6.057,5.254,0.503,4.935
"2025-03-02 18:15:00",28191,12.62,5.464,4.69,0.503,4.86
"2025-03-02 18:30:00",28192,12.65,4.788,3.991,0.502,4.786
"2025-03-02 18:45:00",28193,12.62,4.156,3.319,0.502,4.689
"2025-03-02 19:00:00",28194,12.63,3.382,2.47,0.502,4.593
"2025-03-02 19:15:00",28195,12.55,2.626,1.728,0.502,4.511
"2025-03-02 19:30:00",28196,12.58,1.98,1.215,0.501,4.444
"2025-03-02 19:45:00",28197,12.57,1.658,0.959,0.502,4.387
"2025-03-02 20:00:00",28198,12.54,1.234,0.578,0.503,4.334
"2025-03-02 20:15:00",28199,12.53,0.965,0.39,0.502,4.278
"2025-03-02 20:30:00",28200,12.59,0.818,0.231,0.501,4.237
"2025-03-02 20:45:00",28201,12.59,0.596,0.013,0.501,4.189
"2025-03-02 21:00:00",28202,12.6,0.37,-0.182,0.501,4.156
"2025-03-02 21:15:00",28203,12.55,0.256,-0.295,0.501,4.129
"2025-03-02 21:30:00",28204,12.52,0.138,-0.376,0.501,4.107
"2025-03-02 21:45:00",28205,12.49,0.131,-0.218,0.5,4.08
"2025-03-02 22:00:00",28206,12.47,0.347,-0.077,0.5,4.054
"2025-03-02 22:15:00",28207,12.47,0.269,-0.181,0.501,4.027
"2025-03-02 22:30:00",28208,12.54,0.267,-0.147,0.501,4.008
"2025-03-02 22:45:00",28209,12.5,0.226,-0.273,0.501,3.987
"2025-03-02 23:00:00",28210,12.49,-0.001,-0.605,0.5,3.964
"2025-03-02 23:15:00",28211,12.47,-0.281,-0.86,0.503,3.938
"2025-03-02 23:30:00",28212,12.5,-0.502,-1.06,0.503,3.919
"2025-03-02 23:45:00",28213,12.44,-0.669,-1.194,0.5,3.895
"2025-03-03 00:00:00",28214,12.51,-0.815,-1.353,0.501,3.873
"2025-03-03 00:15:00",28215,12.49,-0.914,-1.41,0.501,3.849
"2025-03-03 00:30:00",28216,12.48,-1.003,-1.135,0.501,3.829
"2025-03-03 00:45:00",28217,12.47,-1.027,-0.868,0.501,3.811
"2025-03-03 01:00:00",28218,12.46,-1.041,-0.809,0.499,3.795
"2025-03-03 01:15:00",28219,12.51,-1.103,-1.376,0.501,3.771
"2025-03-03 01:30:00",28220,12.54,-1.172,-1.639,0.501,3.745
"2025-03-03 01:45:00",28221,12.45,-1.303,-1.775,0.501,3.724
"2025-03-03 02:00:00",28222,12.45,-1.384,-1.885,0.501,3.701
"2025-03-03 02:15:00",28223,12.44,-1.509,-1.987,0.501,3.683
"2025-03-03 02:30:00",28224,12.43,-1.501,-1.903,0.5,3.671
"2025-03-03 02:45:00",28225,12.44,-1.392,-1.836,0.501,3.662
"2025-03-03 03:00:00",28226,12.49,-1.46,-2,0.501,3.651
"2025-03-03 03:15:00",28227,12.46,-1.559,-2.059,0.5,3.641
"2025-03-03 03:30:00",28228,12.43,-1.716,-2.297,0.499,3.622
"2025-03-03 03:45:00",28229,12.51,-1.874,-2.419,0.5,3.608
"2025-03-03 04:00:00",28230,12.5,-1.974,-2.496,0.501,3.591
"2025-03-03 04:15:00",28231,12.5,-2.064,-2.578,0.501,3.575
"2025-03-03 04:30:00",28232,12.48,-2.138,-2.658,0.5,3.559
"2025-03-03 04:45:00",28233,12.48,-2.23,-2.754,0.5,3.541
"2025-03-03 05:00:00",28234,12.41,-2.299,-2.821,0.501,3.519
"2025-03-03 05:15:00",28235,12.46,-2.433,-2.983,0.498,3.499
"2025-03-03 05:30:00",28236,12.47,-2.474,-3,0.499,3.483
"2025-03-03 05:45:00",28237,12.48,-2.415,-2.94,0.5,3.478
"2025-03-03 06:00:00",28238,12.49,-2.478,-3.011,0.5,3.472
"2025-03-03 06:15:00",28239,12.38,-2.682,-3.219,0.502,3.465
"2025-03-03 06:30:00",28240,12.38,-2.783,-3.341,0.501,3.455
"2025-03-03 06:45:00",28241,12.45,-2.809,-3.319,0.499,3.445
"2025-03-03 07:00:00",28242,12.38,-2.712,-3.203,0.5,3.441
"2025-03-03 07:15:00",28243,12.43,-2.665,-3.164,0.5,3.441
"2025-03-03 07:30:00",28244,12.48,-2.612,-3.074,0.5,3.444
"2025-03-03 07:45:00",28245,12.42,-2.468,-2.911,0.5,3.457
"2025-03-03 08:00:00",28246,12.48,-2.337,-2.725,0.5,3.48
"2025-03-03 08:15:00",28247,12.49,-2.108,-2.416,0.499,3.516
"2025-03-03 08:30:00",28248,12.43,-1.759,-1.979,0.499,3.56
"2025-03-03 08:45:00",28249,12.48,-1.312,-1.471,0.5,3.606
"2025-03-03 09:00:00",28250,12.53,-0.725,-0.849,0.501,3.663
"2025-03-03 09:15:00",28251,12.44,-0.07,-0.114,0.499,3.732
"2025-03-03 09:30:00",28252,12.67,0.808,0.794,0.5,3.838
"2025-03-03 09:45:00",28253,13.8,3.306,3.207,0.5,3.937
"2025-03-03 10:00:00",28254,12.89,3.66,3.359,0.502,4.038
"2025-03-03 10:15:00",28255,12.89,4.331,3.837,0.502,4.145
"2025-03-03 10:30:00",28256,12.8,4.467,3.914,0.503,4.268
"2025-03-03 10:45:00",28257,12.7,4.417,3.879,0.502,4.448
"2025-03-03 11:00:00",28258,12.93,5.136,4.701,0.504,4.66
"2025-03-03 11:15:00",28259,13.9,7.139,6.816,0.503,4.852
"2025-03-03 11:30:00",28260,13.95,8.67,8.03,0.503,5.029
"2025-03-03 11:45:00",28261,13.92,9.25,8.45,0.504,5.234
"2025-03-03 12:00:00",28262,13.98,9.68,8.84,0.504,5.402
"2025-03-03 12:15:00",28263,13.9,9.98,9.07,0.505,5.568
"2025-03-03 12:30:00",28264,14.06,9.31,8.61,0.506,5.735
"2025-03-03 12:45:00",28265,12.98,9.11,8.38,0.505,5.885
"2025-03-03 13:00:00",28266,14.06,10.04,9.43,0.505,6.026
"2025-03-03 13:15:00",28267,13.94,10.24,9.73,0.506,6.132
"2025-03-03 13:30:00",28268,13.96,11.24,10.58,0.505,6.214
"2025-03-03 13:45:00",28269,13.14,11.09,10.32,0.506,6.273
"2025-03-03 14:00:00",28270,13.96,11.15,10.53,0.507,6.331
"2025-03-03 14:15:00",28271,13.94,10.81,10.2,0.509,6.361
"2025-03-03 14:30:00",28272,13.87,12.17,11.91,0.507,6.358
"2025-03-03 14:45:00",28273,13.85,12.62,12.89,0.507,6.356
"2025-03-03 15:00:00",28274,13.82,12.92,13.11,0.507,6.333
"2025-03-03 15:15:00",28275,13.02,11.6,11.04,0.506,6.259
"2025-03-03 15:30:00",28276,13.87,12.44,11.78,0.505,6.167
"2025-03-03 15:45:00",28277,13.89,11.87,11.16,0.506,6.052
"2025-03-03 16:00:00",28278,12.92,10.65,10,0.506,5.933
"2025-03-03 16:15:00",28279,13.33,10.84,10.23,0.506,5.788
"2025-03-03 16:30:00",28280,12.8,10.1,9.54,0.505,5.66
"2025-03-03 16:45:00",28281,12.9,10.34,9.88,0.506,5.56
"2025-03-03 17:00:00",28282,12.99,10.47,9.95,0.503,5.463
"2025-03-03 17:15:00",28283,12.85,10.09,9.51,0.503,5.373
"2025-03-03 17:30:00",28284,12.78,9.66,9.05,0.505,5.279
"2025-03-03 17:45:00",28285,12.72,9.13,8.41,0.505,5.217
"2025-03-03 18:00:00",28286,12.7,8.44,7.631,0.505,5.159
"2025-03-03 18:15:00",28287,12.7,7.649,6.726,0.504,5.09
"2025-03-03 18:30:00",28288,12.69,6.693,5.77,0.504,5.022
"2025-03-03 18:45:00",28289,12.54,5.877,5.078,0.503,4.962
"2025-03-03 19:00:00",28290,12.59,5.357,4.66,0.502,4.901
"2025-03-03 19:15:00",28291,12.55,4.956,4.323,0.503,4.845
"2025-03-03 19:30:00",28292,12.59,4.676,4.101,0.504,4.801
"2025-03-03 19:45:00",28293,12.61,4.477,3.964,0.503,4.763
"2025-03-03 20:00:00",28294,12.61,4.424,3.904,0.503,4.741
"2025-03-03 20:15:00",28295,12.53,4.216,3.758,0.503,4.736
"2025-03-03 20:30:00",28296,12.52,4.168,3.697,0.502,4.731
"2025-03-03 20:45:00",28297,12.57,4.007,3.473,0.503,4.723
"2025-03-03 21:00:00",28298,12.5,3.766,3.182,0.502,4.718
"2025-03-03 21:15:00",28299,12.53,3.502,2.94,0.503,4.717
"2025-03-03 21:30:00",28300,12.57,3.278,2.724,0.502,4.714
"2025-03-03 21:45:00",28301,12.5,3.105,2.563,0.504,4.711
"2025-03-03 22:00:00",28302,12.6,2.99,2.452,0.503,4.703
"2025-03-03 22:15:00",28303,12.52,2.756,2.21,0.502,4.695
"2025-03-03 22:30:00",28304,12.49,2.58,2.039,0.502,4.693
"2025-03-03 22:45:00",28305,12.48,2.396,1.86,0.505,4.686
"2025-03-03 23:00:00",28306,12.53,2.231,1.697,0.502,4.679
"2025-03-03 23:15:00",28307,12.55,2.094,1.602,0.503,4.674
"2025-03-03 23:30:00",28308,12.52,1.987,1.492,0.502,4.669
"2025-03-03 23:45:00",28309,12.44,1.88,1.392,0.504,4.662
"2025-03-04 00:00:00",28310,12.58,1.795,1.301,0.501,4.655
"2025-03-04 00:15:00",28311,12.48,1.696,1.219,0.503,4.653
"2025-03-04 00:30:00",28312,12.51,1.728,1.623,0.504,4.655
"2025-03-04 00:45:00",28313,12.47,1.641,1.831,0.504,4.656
"2025-03-04 01:00:00",28314,12.43,1.702,1.942,0.503,4.653
"2025-03-04 01:15:00",28315,12.51,1.535,1.28,0.504,4.649
"2025-03-04 01:30:00",28316,12.42,1.369,0.924,0.503,4.648
"2025-03-04 01:45:00",28317,12.47,1.267,0.787,0.502,4.648
"2025-03-04 02:00:00",28318,12.53,1.182,0.703,0.503,4.649
"2025-03-04 02:15:00",28319,12.52,1.114,0.661,0.503,4.654
"2025-03-04 02:30:00",28320,12.45,1.082,0.628,0.502,4.66
"2025-03-04 02:45:00",28321,12.48,1.057,0.607,0.502,4.665
"2025-03-04 03:00:00",28322,12.45,1.02,0.566,0.503,4.669
"2025-03-04 03:15:00",28323,12.46,0.995,0.542,0.504,4.673
"2025-03-04 03:30:00",28324,12.45,0.975,0.548,0.503,4.671
"2025-03-04 03:45:00",28325,12.43,0.964,0.518,0.504,4.664
"2025-03-04 04:00:00",28326,12.41,0.957,0.529,0.504,4.658
"2025-03-04 04:15:00",28327,12.46,0.964,0.535,0.504,4.652
"2025-03-04 04:30:00",28328,12.5,0.954,0.518,0.505,4.645
"2025-03-04 04:45:00",28329,12.51,0.944,0.524,0.504,4.642
"2025-03-04 05:00:00",28330,12.47,0.936,0.513,0.504,4.633
"2025-03-04 05:15:00",28331,12.43,0.921,0.476,0.504,4.622
"2025-03-04 05:30:00",28332,12.5,0.876,0.426,0.503,4.607
"2025-03-04 05:45:00",28333,12.48,0.857,0.428,0.503,4.594
"2025-03-04 06:00:00",28334,12.5,0.851,0.44,0.503,4.581
"2025-03-04 06:15:00",28335,12.48,0.866,0.443,0.504,4.573
"2025-03-04 06:30:00",28336,12.46,0.887,0.467,0.502,4.565
"2025-03-04 06:45:00",28337,12.46,1.011,0.614,0.503,4.567
"2025-03-04 07:00:00",28338,12.46,1.148,0.853,0.502,4.592
"2025-03-04 07:15:00",28339,12.43,1.418,1.145,0.503,4.623
"2025-03-04 07:30:00",28340,12.52,1.704,1.402,0.503,4.672
"2025-03-04 07:45:00",28341,12.55,2.092,1.843,0.503,4.737
"2025-03-04 08:00:00",28342,12.47,2.502,2.249,0.504,4.802
"2025-03-04 08:15:00",28343,12.6,3.094,2.874,0.504,4.889
"2025-03-04 08:30:00",28344,12.52,3.509,3.305,0.503,4.976
"2025-03-04 08:45:00",28345,12.55,4.149,3.953,0.504,5.062
"2025-03-04 09:00:00",28346,12.67,4.816,4.624,0.504,5.146
"2025-03-04 09:15:00",28347,12.62,5.47,5.265,0.502,5.219
"2025-03-04 09:30:00",28348,12.69,6.12,5.897,0.504,5.279
"2025-03-04 09:45:00",28349,12.89,7.288,7.155,0.505,5.383
"2025-03-04 10:00:00",28350,12.83,8.12,7.96,0.507,5.475
"2025-03-04 10:15:00",28351,12.96,8.85,8.5,0.506,5.557
"2025-03-04 10:30:00",28352,12.9,9.42,9,0.505,5.646
"2025-03-04 10:45:00",28353,12.94,9.73,9.33,0.508,5.722
"2025-03-04 11:00:00",28354,13.15,10.79,10.42,0.506,5.854
"2025-03-04 11:15:00",28355,13.75,12.7,12.19,0.506,5.971
"2025-03-04 11:30:00",28356,13.84,14.24,13.87,0.506,6.25
"2025-03-04 11:45:00",28357,13.67,15.17,14.53,0.508,6.501
"2025-03-04 12:00:00",28358,13.84,15.81,15.12,0.509,6.705
"2025-03-04 12:15:00",28359,13.71,14.76,13.93,0.508,6.768
"2025-03-04 12:30:00",28360,13.84,16.2,15.4,0.507,6.792
"2025-03-04 12:45:00",28361,13.76,16.41,15.6,0.509,6.804
"2025-03-04 13:00:00",28362,13.8,17.2,16.59,0.508,6.907
"2025-03-04 13:15:00",28363,13.78,17.73,16.98,0.509,6.946
"2025-03-04 13:30:00",28364,13.73,18.06,17.25,0.51,7.05
"2025-03-04 13:45:00",28365,13.49,18.02,17.29,0.509,7.232
"2025-03-04 14:00:00",28366,13.84,18.33,17.56,0.509,7.369
"2025-03-04 14:15:00",28367,13.83,17.73,17.04,0.51,7.505
"2025-03-04 14:30:00",28368,13.68,19.14,18.85,0.51,7.617
"2025-03-04 14:45:00",28369,13.7,19.52,19.56,0.509,7.67
"2025-03-04 15:00:00",28370,13.69,19.81,19.81,0.511,7.684
"2025-03-04 15:15:00",28371,12.99,17.99,17.4,0.51,7.65
"2025-03-04 15:30:00",28372,13.59,19.03,18.39,0.508,7.602
"2025-03-04 15:45:00",28373,13.18,18.76,18.01,0.509,7.525
"2025-03-04 16:00:00",28374,12.84,17.09,16.4,0.508,7.423
"2025-03-04 16:15:00",28375,13,17.27,16.68,0.508,7.309
"2025-03-04 16:30:00",28376,12.89,16.77,16.21,0.508,7.207
"2025-03-04 16:45:00",28377,13.02,16.97,16.51,0.507,7.118
"2025-03-04 17:00:00",28378,12.88,17.01,16.41,0.507,7.025
"2025-03-04 17:15:00",28379,12.74,16.52,15.84,0.507,6.89
"2025-03-04 17:30:00",28380,12.76,15.9,15.25,0.507,6.789
"2025-03-04 17:45:00",28381,12.73,15.54,14.99,0.506,6.703
"2025-03-04 18:00:00",28382,12.61,15.25,14.67,0.506,6.61
"2025-03-04 18:15:00",28383,12.68,14.87,14.29,0.508,6.535
"2025-03-04 18:30:00",28384,12.66,14.52,13.97,0.506,6.481
"2025-03-04 18:45:00",28385,12.67,14.24,13.75,0.505,6.439
"2025-03-04 19:00:00",28386,12.62,14.11,13.67,0.506,6.4
"2025-03-04 19:15:00",28387,12.55,13.97,13.54,0.506,6.377
"2025-03-04 19:30:00",28388,12.63,13.86,13.41,0.505,6.357
"2025-03-04 19:45:00",28389,12.62,13.82,13.44,0.507,6.351
"2025-03-04 20:00:00",28390,12.54,13.82,13.46,0.506,6.369
"2025-03-04 20:15:00",28391,12.53,13.87,13.5,0.506,6.387
"2025-03-04 20:30:00",28392,12.54,13.89,13.54,0.506,6.405
"2025-03-04 20:45:00",28393,12.57,13.96,13.59,0.505,6.423
"2025-03-04 21:00:00",28394,12.59,13.98,13.6,0.508,6.432
"2025-03-04 21:15:00",28395,12.54,13.97,13.56,0.507,6.426
"2025-03-04 21:30:00",28396,12.55,13.94,13.52,0.506,6.429
"2025-03-04 21:45:00",28397,12.63,13.87,13.45,0.506,6.427
"2025-03-04 22:00:00",28398,12.59,13.82,13.41,0.507,6.431
"2025-03-04 22:15:00",28399,12.55,13.82,13.44,0.509,6.447
"2025-03-04 22:30:00",28400,12.55,13.82,13.42,0.507,6.468
"2025-03-04 22:45:00",28401,12.55,13.8,13.4,0.505,6.477
"2025-03-04 23:00:00",28402,12.55,13.81,13.42,0.507,6.498
"2025-03-04 23:15:00",28403,12.51,13.79,13.4,0.507,6.553
"2025-03-04 23:30:00",28404,12.49,13.78,13.35,0.509,6.606
"2025-03-04 23:45:00",28405,12.56,13.81,13.37,0.508,6.675
"2025-03-05 00:00:00",28406,12.46,13.46,12.87,0.507,6.723
"2025-03-05 00:15:00",28407,12.52,13.09,12.52,0.507,6.748
"2025-03-05 00:30:00",28408,12.47,12.87,12.71,0.508,6.782
"2025-03-05 00:45:00",28409,12.51,12.75,12.95,0.507,6.81
"2025-03-05 01:00:00",28410,12.49,12.67,12.94,0.508,6.84
"2025-03-05 01:15:00",28411,12.55,12.62,12.42,0.508,6.865
"2025-03-05 01:30:00",28412,12.49,12.54,12.17,0.511,6.891
"2025-03-05 01:45:00",28413,12.51,12.51,12.12,0.512,6.92
"2025-03-05 02:00:00",28414,12.46,12.53,12.15,0.512,6.908
"2025-03-05 02:15:00",28415,12.47,12.54,12.14,0.512,6.9
"2025-03-05 02:30:00",28416,12.47,12.55,12.14,0.513,6.907
"2025-03-05 02:45:00",28417,12.46,12.52,12.11,0.513,6.913
"2025-03-05 03:00:00",28418,12.47,12.49,12.08,0.512,6.902
"2025-03-05 03:15:00",28419,12.5,12.48,12.08,0.513,6.915
"2025-03-05 03:30:00",28420,12.55,12.46,12.06,0.511,6.922
"2025-03-05 03:45:00",28421,12.47,12.5,12.13,0.512,6.927
"2025-03-05 04:00:00",28422,12.48,12.53,12.16,0.509,6.933
"2025-03-05 04:15:00",28423,12.53,12.58,12.22,0.511,6.956
"2025-03-05 04:30:00",28424,12.45,12.64,12.28,0.511,6.968
"2025-03-05 04:45:00",28425,12.52,12.68,12.31,0.511,6.975
"2025-03-05 05:00:00",28426,12.48,12.74,12.38,0.511,7
"2025-03-05 05:15:00",28427,12.51,12.79,12.41,0.511,7.028
"2025-03-05 05:30:00",28428,12.43,12.83,12.45,0.512,7.032
"2025-03-05 05:45:00",28429,12.53,12.87,12.5,0.511,7.023
"2025-03-05 06:00:00",28430,12.5,12.94,12.57,0.511,7.026
"2025-03-05 06:15:00",28431,12.45,12.99,12.63,0.51,7.02
"2025-03-05 06:30:00",28432,12.5,13.02,12.62,0.511,6.994
"2025-03-05 06:45:00",28433,12.49,12.98,12.57,0.511,7.009
"2025-03-05 07:00:00",28434,12.47,12.99,12.6,0.512,7.037
"2025-03-05 07:15:00",28435,12.41,13.03,12.67,0.514,7.072
"2025-03-05 07:30:00",28436,12.53,13.17,12.84,0.514,7.134
"2025-03-05 07:45:00",28437,12.49,13.37,13.03,0.517,7.199
"2025-03-05 08:00:00",28438,12.46,13.53,13.2,0.522,7.284
"2025-03-05 08:15:00",28439,12.44,13.65,13.29,0.526,7.315
"2025-03-05 08:30:00",28440,12.49,13.76,13.39,0.528,7.32
"2025-03-05 08:45:00",28441,12.51,13.85,13.51,0.526,7.321
"2025-03-05 09:00:00",28442,12.44,14.01,13.67,0.527,7.318
"2025-03-05 09:15:00",28443,12.44,14.16,13.85,0.528,7.367
"2025-03-05 09:30:00",28444,12.46,14.31,13.95,0.534,7.456
"2025-03-05 09:45:00",28445,12.54,14.4,14.01,0.547,7.577
"2025-03-05 10:00:00",28446,12.49,14.43,14.01,0.548,7.492
"2025-03-05 10:15:00",28447,12.53,14.45,14,0.548,7.451
"2025-03-05 10:30:00",28448,12.49,14.32,13.81,0.55,7.411
"2025-03-05 10:45:00",28449,12.52,14.19,13.73,0.549,7.429
"2025-03-05 11:00:00",28450,12.5,14.12,13.65,0.547,7.43
"2025-03-05 11:15:00",28451,12.48,13.98,13.48,0.544,7.462
"2025-03-05 11:30:00",28452,12.48,13.85,13.38,0.54,7.449
"2025-03-05 11:45:00",28453,12.46,13.81,13.36,0.538,7.431
"2025-03-05 12:00:00",28454,12.49,13.8,13.37,0.534,7.425
"2025-03-05 12:15:00",28455,12.52,13.97,13.59,0.533,7.439
"2025-03-05 12:30:00",28456,12.62,14.4,14.07,0.532,7.517
"2025-03-05 12:45:00",28457,12.79,15.36,15.09,0.531,7.649
"2025-03-05 13:00:00",28458,12.93,16.6,16.29,0.531,7.955
"2025-03-05 13:15:00",28459,13.33,18.87,18.41,0.532,8.21
"2025-03-05 13:30:00",28460,13.36,19.9,19.18,0.53,8.52
"2025-03-05 13:45:00",28461,13.07,19.44,18.52,0.531,8.72
"2025-03-05 14:00:00",28462,13.21,18.83,18.09,0.532,8.9
"2025-03-05 14:15:00",28463,13.2,18.81,18.11,0.53,9.01
"2025-03-05 14:30:00",28464,13.31,21.18,20.73,0.529,9.08
"2025-03-05 14:45:00",28465,13.38,21.91,21.71,0.528,9.11
"2025-03-05 15:00:00",28466,13.11,21.34,21.08,0.529,9.1
"2025-03-05 15:15:00",28467,12.96,19.36,18.74,0.53,9.02
"2025-03-05 15:30:00",28468,13.08,19.38,18.63,0.526,8.92
"2025-03-05 15:45:00",28469,12.88,18.91,18.21,0.527,8.81
"2025-03-05 16:00:00",28470,12.86,18.52,17.97,0.527,8.69
"2025-03-05 16:15:00",28471,12.86,18.96,18.32,0.525,8.59
"2025-03-05 16:30:00",28472,12.84,18.44,17.83,0.525,8.48
"2025-03-05 16:45:00",28473,12.78,18.34,17.67,0.525,8.34
"2025-03-05 17:00:00",28474,12.73,17.87,17.13,0.524,8.17
"2025-03-05 17:15:00",28475,12.66,17.12,16.46,0.523,8.01
"2025-03-05 17:30:00",28476,12.72,16.59,15.6,0.524,7.903
"2025-03-05 17:45:00",28477,12.59,15.44,14.5,0.524,7.788
"2025-03-05 18:00:00",28478,12.58,14.62,13.83,0.524,7.681
"2025-03-05 18:15:00",28479,12.59,14.07,13.44,0.521,7.599
"2025-03-05 18:30:00",28480,12.6,13.89,13.39,0.522,7.537
"2025-03-05 18:45:00",28481,12.6,13.54,13.02,0.522,7.472
"2025-03-05 19:00:00",28482,12.62,13.28,12.7,0.522,7.426
"2025-03-05 19:15:00",28483,12.53,12.85,12.21,0.522,7.362
"2025-03-05 19:30:00",28484,12.6,12.48,11.97,0.52,7.3
"2025-03-05 19:45:00",28485,12.55,12.31,11.68,0.52,7.244
"2025-03-05 20:00:00",28486,12.52,11.75,10.99,0.519,7.207
"2025-03-05 20:15:00",28487,12.54,11.48,11.16,0.519,7.181
"2025-03-05 20:30:00",28488,12.6,11.77,11.51,0.519,7.156
"2025-03-05 20:45:00",28489,12.59,11.9,11.48,0.519,7.132
"2025-03-05 21:00:00",28490,12.48,11.78,11.35,0.519,7.093
"2025-03-05 21:15:00",28491,12.52,11.66,11.15,0.519,7.042
"2025-03-05 21:30:00",28492,12.56,11.45,11,0.519,6.997
"2025-03-05 21:45:00",28493,12.52,11.33,10.82,0.518,6.951
"2025-03-05 22:00:00",28494,12.49,11.17,10.56,0.519,6.892
"2025-03-05 22:15:00",28495,12.5,10.6,9.98,0.518,6.824
"2025-03-05 22:30:00",28496,12.53,10.26,9.71,0.517,6.784
"2025-03-05 22:45:00",28497,12.55,10.04,9.52,0.516,6.731
"2025-03-05 23:00:00",28498,12.54,9.77,9.19,0.517,6.626
"2025-03-05 23:15:00",28499,12.46,9.41,8.8,0.517,6.513
"2025-03-05 23:30:00",28500,12.45,9.02,8.45,0.516,6.45
"2025-03-05 23:45:00",28501,12.48,8.76,8.19,0.517,6.441
"2025-03-06 00:00:00",28502,12.45,8.49,7.829,0.516,6.403
"2025-03-06 00:15:00",28503,12.47,7.878,7.191,0.518,6.372
"2025-03-06 00:30:00",28504,12.45,7.391,7.083,0.516,6.345
"2025-03-06 00:45:00",28505,12.42,7.139,7.217,0.515,6.282
"2025-03-06 01:00:00",28506,12.43,6.778,6.946,0.517,6.222
"2025-03-06 01:15:00",28507,12.45,6.535,6.268,0.515,6.178
"2025-03-06 01:30:00",28508,12.48,6.346,5.894,0.514,6.13
"2025-03-06 01:45:00",28509,12.46,6.127,5.616,0.515,6.045
"2025-03-06 02:00:00",28510,12.42,5.896,5.368,0.513,5.954
"2025-03-06 02:15:00",28511,12.45,5.726,5.253,0.513,5.899
"2025-03-06 02:30:00",28512,12.43,5.787,5.34,0.514,5.842
"2025-03-06 02:45:00",28513,12.47,5.706,5.254,0.515,5.78
"2025-03-06 03:00:00",28514,12.52,5.481,5.012,0.515,5.765
"2025-03-06 03:15:00",28515,12.48,5.266,4.723,0.514,5.779
"2025-03-06 03:30:00",28516,12.45,4.993,4.428,0.514,5.776
"2025-03-06 03:45:00",28517,12.52,4.734,4.17,0.513,5.723
"2025-03-06 04:00:00",28518,12.47,4.445,3.905,0.512,5.649
"2025-03-06 04:15:00",28519,12.43,4.282,3.761,0.512,5.595
"2025-03-06 04:30:00",28520,12.44,4.023,3.495,0.512,5.498
"2025-03-06 04:45:00",28521,12.47,3.807,3.3,0.511,5.428
"2025-03-06 05:00:00",28522,12.45,3.666,3.192,0.514,5.392
"2025-03-06 05:15:00",28523,12.42,3.528,3.058,0.51,5.313
"2025-03-06 05:30:00",28524,12.4,3.402,2.954,0.512,5.279
"2025-03-06 05:45:00",28525,12.47,3.328,2.901,0.51,5.255
"2025-03-06 06:00:00",28526,12.41,3.274,2.834,0.51,5.219
"2025-03-06 06:15:00",28527,12.5,3.184,2.745,0.512,5.209
"2025-03-06 06:30:00",28528,12.39,3.137,2.699,0.51,5.159
"2025-03-06 06:45:00",28529,12.44,3.069,2.61,0.511,5.118
"2025-03-06 07:00:00",28530,12.46,3.121,2.698,0.511,5.126
"2025-03-06 07:15:00",28531,12.45,3.146,2.73,0.51,5.099
"2025-03-06 07:30:00",28532,12.51,3.171,2.737,0.511,5.097
"2025-03-06 07:45:00",28533,12.42,3.215,2.787,0.511,5.09
"2025-03-06 08:00:00",28534,12.55,3.343,2.926,0.51,5.118
"2025-03-06 08:15:00",28535,12.56,3.404,2.975,0.513,5.136
"2025-03-06 08:30:00",28536,12.49,3.542,3.114,0.51,5.173
"2025-03-06 08:45:00",28537,12.53,3.659,3.231,0.508,5.206
"2025-03-06 09:00:00",28538,12.52,3.565,3.082,0.511,5.194
"2025-03-06 09:15:00",28539,12.58,3.797,3.401,0.512,5.217
"2025-03-06 09:30:00",28540,12.81,4.625,4.351,0.512,5.341
"2025-03-06 09:45:00",28541,12.64,4.618,4.153,0.512,5.374
"2025-03-06 10:00:00",28542,12.85,4.939,4.467,0.511,5.414
"2025-03-06 10:15:00",28543,12.84,5.134,4.628,0.513,5.488
"2025-03-06 10:30:00",28544,12.74,5.071,4.437,0.512,5.516
"2025-03-06 10:45:00",28545,12.78,5.007,4.462,0.511,5.572
"2025-03-06 11:00:00",28546,12.97,5.421,4.975,0.512,5.635
"2025-03-06 11:15:00",28547,13.02,6.062,5.652,0.51,5.738
"2025-03-06 11:30:00",28548,13,6.267,5.769,0.513,5.8
"2025-03-06 11:45:00",28549,13.75,7.737,7.223,0.512,5.89
"2025-03-06 12:00:00",28550,13.79,8.65,8.01,0.512,6.079
"2025-03-06 12:15:00",28551,13.36,8.41,7.636,0.512,6.184
"2025-03-06 12:30:00",28552,13.83,9.42,8.63,0.511,6.341
"2025-03-06 12:45:00",28553,13.1,8.04,7.074,0.512,6.416
"2025-03-06 13:00:00",28554,13.13,8.31,7.507,0.513,6.435
"2025-03-06 13:15:00",28555,13.94,8.1,7.389,0.513,6.499
"2025-03-06 13:30:00",28556,13.54,7.797,7.017,0.512,6.512
"2025-03-06 13:45:00",28557,13.52,7.746,6.931,0.512,6.441
"2025-03-06 14:00:00",28558,13.12,7.107,6.312,0.512,6.36
"2025-03-06 14:15:00",28559,12.97,6.669,6.006,0.512,6.316
"2025-03-06 14:30:00",28560,13.01,6.578,6.329,0.512,6.283
"2025-03-06 14:45:00",28561,13.02,7.412,7.552,0.51,6.289
"2025-03-06 15:00:00",28562,13.01,6.554,6.577,0.511,6.193
"2025-03-06 15:15:00",28563,13.15,6.309,5.89,0.512,6.121
"2025-03-06 15:30:00",28564,12.98,5.799,5.24,0.512,6.106
"2025-03-06 15:45:00",28565,12.98,5.911,5.395,0.512,6.095
"2025-03-06 16:00:00",28566,12.95,5.761,5.2,0.512,6.066
"2025-03-06 16:15:00",28567,12.97,5.734,5.204,0.513,6.067
"2025-03-06 16:30:00",28568,13.01,5.779,5.317,0.512,6.08
"2025-03-06 16:45:00",28569,13.27,6.387,5.844,0.511,6.049
"2025-03-06 17:00:00",28570,12.91,6.067,5.355,0.511,5.971
"2025-03-06 17:15:00",28571,12.91,5.736,5.081,0.512,5.866
"2025-03-06 17:30:00",28572,12.71,5.178,4.519,0.51,5.736
"2025-03-06 17:45:00",28573,12.7,4.633,3.937,0.511,5.609
"2025-03-06 18:00:00",28574,12.63,4.166,3.495,0.511,5.491
"2025-03-06 18:15:00",28575,12.67,3.801,3.231,0.509,5.383
"2025-03-06 18:30:00",28576,12.6,3.463,2.902,0.509,5.296
"2025-03-06 18:45:00",28577,12.56,3.23,2.728,0.509,5.204
"2025-03-06 19:00:00",28578,12.56,3.08,2.582,0.509,5.162
"2025-03-06 19:15:00",28579,12.54,3.041,2.542,0.507,5.109
"2025-03-06 19:30:00",28580,12.62,2.972,2.514,0.508,5.066
"2025-03-06 19:45:00",28581,12.62,2.726,2.309,0.507,5.018
"2025-03-06 20:00:00",28582,12.62,2.652,2.208,0.508,4.996
"2025-03-06 20:15:00",28583,12.57,2.58,2.151,0.507,4.959
"2025-03-06 20:30:00",28584,12.56,2.53,2.102,0.509,4.945
"2025-03-06 20:45:00",28585,12.56,2.497,2.063,0.507,4.916
"2025-03-06 21:00:00",28586,12.5,2.423,1.981,0.507,4.901
"2025-03-06 21:15:00",28587,12.56,2.379,1.972,0.508,4.878
"2025-03-06 21:30:00",28588,12.55,2.338,1.913,0.508,4.858
"2025-03-06 21:45:00",28589,12.47,2.323,1.903,0.509,4.839
"2025-03-06 22:00:00",28590,12.51,2.328,1.954,0.507,4.793
"2025-03-06 22:15:00",28591,12.55,2.351,1.931,0.509,4.79
"2025-03-06 22:30:00",28592,12.5,2.277,1.811,0.507,4.786
"2025-03-06 22:45:00",28593,12.49,2.213,1.783,0.508,4.773
"2025-03-06 23:00:00",28594,12.44,2.137,1.736,0.508,4.736
"2025-03-06 23:15:00",28595,12.57,2.124,1.742,0.507,4.714
"2025-03-06 23:30:00",28596,12.52,2.188,1.834,0.509,4.693
"2025-03-06 23:45:00",28597,12.44,2.236,1.875,0.508,4.668
"2025-03-07 00:00:00",28598,12.52,2.252,1.83,0.508,4.646
"2025-03-07 00:15:00",28599,12.53,2.288,1.91,0.506,4.639
"2025-03-07 00:30:00",28600,12.42,2.307,2.297,0.506,4.618
"2025-03-07 00:45:00",28601,12.44,2.397,2.728,0.508,4.609
"2025-03-07 01:00:00",28602,12.49,2.453,2.827,0.506,4.621
"2025-03-07 01:15:00",28603,12.49,2.511,2.36,0.506,4.64
"2025-03-07 01:30:00",28604,12.52,2.427,1.999,0.507,4.636
"2025-03-07 01:45:00",28605,12.45,2.358,1.996,0.507,4.625
"2025-03-07 02:00:00",28606,12.53,2.4,2.025,0.508,4.609
"2025-03-07 02:15:00",28607,12.49,2.476,2.111,0.506,4.616
"2025-03-07 02:30:00",28608,12.52,2.481,2.053,0.506,4.597
"2025-03-07 02:45:00",28609,12.45,2.462,2.04,0.507,4.59
"2025-03-07 03:00:00",28610,12.44,2.422,2.011,0.506,4.583
"2025-03-07 03:15:00",28611,12.43,2.436,2.023,0.505,4.568
"2025-03-07 03:30:00",28612,12.51,2.424,2.039,0.508,4.551
"2025-03-07 03:45:00",28613,12.44,2.439,2.016,0.507,4.538
"2025-03-07 04:00:00",28614,12.47,2.418,2.022,0.507,4.538
"2025-03-07 04:15:00",28615,12.43,2.41,1.997,0.507,4.524
"2025-03-07 04:30:00",28616,12.41,2.359,1.92,0.506,4.523
"2025-03-07 04:45:00",28617,12.42,2.247,1.772,0.507,4.531
"2025-03-07 05:00:00",28618,12.45,2.103,1.607,0.506,4.521
"2025-03-07 05:15:00",28619,12.48,1.987,1.504,0.506,4.514
"2025-03-07 05:30:00",28620,12.49,1.873,1.416,0.506,4.512
"2025-03-07 05:45:00",28621,12.4,1.873,1.496,0.507,4.508
"2025-03-07 06:00:00",28622,12.48,1.885,1.457,0.507,4.502
"2025-03-07 06:15:00",28623,12.5,1.749,1.181,0.505,4.492
"2025-03-07 06:30:00",28624,12.43,1.661,1.061,0.506,4.494
"2025-03-07 06:45:00",28625,12.42,1.301,0.803,0.507,4.485
"2025-03-07 07:00:00",28626,12.39,1.422,1.082,0.505,4.48
"2025-03-07 07:15:00",28627,12.5,1.738,1.417,0.508,4.49
"2025-03-07 07:30:00",28628,12.51,1.806,1.442,0.505,4.51
"2025-03-07 07:45:00",28629,12.49,2.027,1.732,0.506,4.537
"2025-03-07 08:00:00",28630,12.5,2.331,2.033,0.506,4.584
"2025-03-07 08:15:00",28631,12.47,2.516,2.147,0.505,4.62
"2025-03-07 08:30:00",28632,12.47,2.68,2.348,0.507,4.652
"2025-03-07 08:45:00",28633,12.55,3.087,2.789,0.506,4.692
"2025-03-07 09:00:00",28634,12.59,3.374,3.143,0.507,4.734
"2025-03-07 09:15:00",28635,12.71,4.057,3.864,0.506,4.78
"2025-03-07 09:30:00",28636,12.75,4.906,4.749,0.506,4.855
"2025-03-07 09:45:00",28637,12.94,5.998,5.807,0.507,4.959
"2025-03-07 10:00:00",28638,13.08,6.907,6.577,0.508,5.096
"2025-03-07 10:15:00",28639,13.05,7.422,6.915,0.508,5.233
"2025-03-07 10:30:00",28640,13.06,7.852,7.298,0.507,5.383
"2025-03-07 10:45:00",28641,13.05,8.09,7.575,0.508,5.53
"2025-03-07 11:00:00",28642,13.21,8.49,7.916,0.509,5.655
"2025-03-07 11:15:00",28643,13.74,8.62,8.01,0.508,5.741
"2025-03-07 11:30:00",28644,13.26,9.97,9.4,0.51,5.874
"2025-03-07 11:45:00",28645,13.92,10.86,10.24,0.51,5.956
"2025-03-07 12:00:00",28646,13.97,10.61,9.92,0.51,6.036
"2025-03-07 12:15:00",28647,13.89,11.67,10.91,0.51,6.14
"2025-03-07 12:30:00",28648,13.95,11.97,11.31,0.509,6.282
"2025-03-07 12:45:00",28649,13.81,12.28,11.56,0.512,6.369
"2025-03-07 13:00:00",28650,13.88,12.78,11.93,0.512,6.435
"2025-03-07 13:15:00",28651,13.85,12.93,12.04,0.511,6.496
"2025-03-07 13:30:00",28652,13.94,13.14,12.29,0.511,6.57
"2025-03-07 13:45:00",28653,13.84,13.14,12.35,0.51,6.654
"2025-03-07 14:00:00",28654,13.71,13.5,12.68,0.511,6.757
"2025-03-07 14:15:00",28655,13.83,13.68,12.97,0.512,6.902
"2025-03-07 14:30:00",28656,13.77,13.89,13.51,0.511,6.893
"2025-03-07 14:45:00",28657,13.9,14.15,14.12,0.511,6.856
"2025-03-07 15:00:00",28658,13.54,13.75,13.9,0.512,6.846
"2025-03-07 15:15:00",28659,13.09,13.37,12.9,0.512,6.787
"2025-03-07 15:30:00",28660,13.93,13.97,13.42,0.51,6.702
"2025-03-07 15:45:00",28661,13.17,13.22,12.56,0.511,6.687
"2025-03-07 16:00:00",28662,13.04,12.83,12.2,0.51,6.589
"2025-03-07 16:15:00",28663,12.94,12.59,12.01,0.511,6.508
"2025-03-07 16:30:00",28664,12.99,12.56,11.96,0.51,6.407
"2025-03-07 16:45:00",28665,12.89,12.27,11.68,0.51,6.318
"2025-03-07 17:00:00",28666,12.88,11.94,11.31,0.51,6.238
"2025-03-07 17:15:00",28667,12.78,11.62,11.03,0.509,6.165
"2025-03-07 17:30:00",28668,12.79,11.29,10.74,0.509,6.103
"2025-03-07 17:45:00",28669,12.68,11.14,10.62,0.51,6.042
"2025-03-07 18:00:00",28670,12.64,10.93,10.38,0.509,5.99
"2025-03-07 18:15:00",28671,12.64,10.52,9.8,0.509,5.915
"2025-03-07 18:30:00",28672,12.71,9.83,9.1,0.508,5.865
"2025-03-07 18:45:00",28673,12.67,9.32,8.69,0.507,5.836
"2025-03-07 19:00:00",28674,12.56,9,8.47,0.508,5.814
"2025-03-07 19:15:00",28675,12.58,8.86,8.31,0.506,5.785
"2025-03-07 19:30:00",28676,12.56,8.68,8.28,0.508,5.78
"2025-03-07 19:45:00",28677,12.57,8.73,8.33,0.508,5.781
"2025-03-07 20:00:00",28678,12.53,8.74,8.35,0.507,5.766
"2025-03-07 20:15:00",28679,12.61,8.69,8.24,0.508,5.734
"2025-03-07 20:30:00",28680,12.53,8.54,8.05,0.51,5.716
"2025-03-07 20:45:00",28681,12.57,8.51,8.02,0.508,5.706
"2025-03-07 21:00:00",28682,12.57,8.18,7.588,0.509,5.661
"2025-03-07 21:15:00",28683,12.54,7.57,6.858,0.508,5.61
"2025-03-07 21:30:00",28684,12.6,7.172,6.615,0.507,5.597
"2025-03-07 21:45:00",28685,12.53,6.863,6.413,0.509,5.575
"2025-03-07 22:00:00",28686,12.55,6.759,6.346,0.507,5.578
"2025-03-07 22:15:00",28687,12.61,6.732,6.349,0.507,5.593
"2025-03-07 22:30:00",28688,12.54,6.717,6.328,0.508,5.602
"2025-03-07 22:45:00",28689,12.54,6.7,6.317,0.508,5.606
"2025-03-07 23:00:00",28690,12.49,6.679,6.298,0.507,5.606
"2025-03-07 23:15:00",28691,12.58,6.647,6.266,0.507,5.605
"2025-03-07 23:30:00",28692,12.5,6.656,6.29,0.508,5.606
"2025-03-07 23:45:00",28693,12.56,6.658,6.297,0.508,5.608
"2025-03-08 00:00:00",28694,12.55,6.655,6.267,0.508,5.619
"2025-03-08 00:15:00",28695,12.51,6.549,5.993,0.508,5.594
"2025-03-08 00:30:00",28696,12.49,6.118,5.739,0.507,5.54
"2025-03-08 00:45:00",28697,12.45,5.702,5.609,0.508,5.484
"2025-03-08 01:00:00",28698,12.46,5.072,5.087,0.509,5.423
"2025-03-08 01:15:00",28699,12.55,4.64,4.206,0.508,5.368
"2025-03-08 01:30:00",28700,12.53,4.384,3.857,0.507,5.333
"2025-03-08 01:45:00",28701,12.53,4.077,3.749,0.507,5.32
"2025-03-08 02:00:00",28702,12.53,4.451,4.305,0.508,5.328
"2025-03-08 02:15:00",28703,12.55,5.376,5.637,0.508,5.359
"2025-03-08 02:30:00",28704,12.51,6.633,6.839,0.508,5.387
"2025-03-08 02:45:00",28705,12.52,7.709,7.875,0.509,5.417
"2025-03-08 03:00:00",28706,12.55,8.63,8.63,0.508,5.45
"2025-03-08 03:15:00",28707,12.46,9.27,9.21,0.507,5.49
"2025-03-08 03:30:00",28708,12.51,9.83,9.62,0.507,5.523
"2025-03-08 03:45:00",28709,12.49,10.01,9.69,0.507,5.554
"2025-03-08 04:00:00",28710,12.53,10.24,9.95,0.509,5.604
"2025-03-08 04:15:00",28711,12.44,10.52,10.33,0.506,5.656
"2025-03-08 04:30:00",28712,12.52,10.85,10.58,0.507,5.709
"2025-03-08 04:45:00",28713,12.52,11.03,10.65,0.507,5.752
"2025-03-08 05:00:00",28714,12.46,11.16,10.74,0.508,5.785
"2025-03-08 05:15:00",28715,12.45,11.18,10.76,0.507,5.812
"2025-03-08 05:30:00",28716,12.53,11.23,10.78,0.508,5.844
"2025-03-08 05:45:00",28717,12.45,11.13,10.63,0.508,5.872
"2025-03-08 06:00:00",28718,12.45,10.8,10.19,0.507,5.868
"2025-03-08 06:15:00",28719,12.54,10.4,9.82,0.509,5.858
"2025-03-08 06:30:00",28720,12.44,10.2,9.76,0.508,5.863
"2025-03-08 06:45:00",28721,12.49,10.17,9.66,0.507,5.848
"2025-03-08 07:00:00",28722,12.53,10.01,9.43,0.508,5.83
"2025-03-08 07:15:00",28723,12.51,9.84,9.32,0.507,5.813
"2025-03-08 07:30:00",28724,12.45,9.8,9.4,0.507,5.815
"2025-03-08 07:45:00",28725,12.54,9.88,9.44,0.507,5.829
"2025-03-08 08:00:00",28726,12.55,9.91,9.48,0.508,5.86
"2025-03-08 08:15:00",28727,12.51,9.93,9.49,0.506,5.884
"2025-03-08 08:30:00",28728,12.54,10.05,9.74,0.507,5.914
"2025-03-08 08:45:00",28729,12.52,10.47,10.19,0.508,5.971
"2025-03-08 09:00:00",28730,12.55,10.93,10.7,0.508,6.033
"2025-03-08 09:15:00",28731,12.67,11.54,11.35,0.507,6.129
"2025-03-08 09:30:00",28732,12.7,12.26,11.93,0.508,6.23
"2025-03-08 09:45:00",28733,12.72,12.49,12.03,0.508,6.311
"2025-03-08 10:00:00",28734,12.64,12.52,11.98,0.506,6.39
"2025-03-08 10:15:00",28735,12.85,12.5,11.86,0.507,6.43
"2025-03-08 10:30:00",28736,12.92,12.62,12.12,0.508,6.523
"2025-03-08 10:45:00",28737,12.75,12.59,12.04,0.509,6.598
"2025-03-08 11:00:00",28738,12.77,12.61,12.04,0.508,6.727
"2025-03-08 11:15:00",28739,13.67,13.11,12.57,0.507,6.9
"2025-03-08 11:30:00",28740,13.66,15.77,14.96,0.509,7.089
"2025-03-08 11:45:00",28741,13.78,16.3,15.34,0.51,7.308
"2025-03-08 12:00:00",28742,13.83,16.35,15.1,0.511,7.466
"2025-03-08 12:15:00",28743,13.83,16.12,15.03,0.511,7.635
"2025-03-08 12:30:00",28744,13.79,15.38,14.43,0.51,7.758
"2025-03-08 12:45:00",28745,12.93,14,13.08,0.511,7.858
"2025-03-08 13:00:00",28746,13.52,15.02,14.21,0.51,7.956
"2025-03-08 13:15:00",28747,13.92,14.87,14.08,0.511,8.05
"2025-03-08 13:30:00",28748,13.83,15.19,14.21,0.509,8.09
"2025-03-08 13:45:00",28749,13.31,13.69,12.73,0.509,8.14
"2025-03-08 14:00:00",28750,13.19,14.76,13.91,0.512,8.2
"2025-03-08 14:15:00",28751,13.9,14.94,14.19,0.512,8.23
"2025-03-08 14:30:00",28752,13.82,15.39,14.99,0.511,8.23
"2025-03-08 14:45:00",28753,13.86,15.71,15.55,0.512,8.19
"2025-03-08 15:00:00",28754,13.27,15.11,14.85,0.511,8.12
"2025-03-08 15:15:00",28755,13.78,14.51,13.93,0.511,8.02
"2025-03-08 15:30:00",28756,13.83,15,14.04,0.509,7.898
"2025-03-08 15:45:00",28757,12.88,12.48,11.68,0.511,7.766
"2025-03-08 16:00:00",28758,12.94,11.95,11.26,0.509,7.601
"2025-03-08 16:15:00",28759,12.8,11.61,10.95,0.511,7.46
"2025-03-08 16:30:00",28760,13.02,11.52,10.97,0.51,7.287
"2025-03-08 16:45:00",28761,13.34,11.86,11.32,0.51,7.126
"2025-03-08 17:00:00",28762,13,11.32,10.64,0.511,6.961
"2025-03-08 17:15:00",28763,12.78,10.72,10.04,0.509,6.822
"2025-03-08 17:30:00",28764,12.72,10.28,9.61,0.508,6.699
"2025-03-08 17:45:00",28765,12.76,9.8,9.14,0.507,6.564
"2025-03-08 18:00:00",28766,12.7,9.31,8.6,0.508,6.458
"2025-03-08 18:15:00",28767,12.62,8.8,8.1,0.508,6.361
"2025-03-08 18:30:00",28768,12.61,8.38,7.657,0.507,6.286
"2025-03-08 18:45:00",28769,12.61,7.769,7.118,0.507,6.216
"2025-03-08 19:00:00",28770,12.55,7.425,6.852,0.506,6.145
"2025-03-08 19:15:00",28771,12.65,7.165,6.615,0.507,6.089
"2025-03-08 19:30:00",28772,12.57,7.022,6.478,0.506,6.039
"2025-03-08 19:45:00",28773,12.57,6.807,6.302,0.506,5.985
"2025-03-08 20:00:00",28774,12.53,6.682,6.219,0.506,5.938
"2025-03-08 20:15:00",28775,12.64,6.593,6.123,0.507,5.903
"2025-03-08 20:30:00",28776,12.6,6.518,6.067,0.506,5.867
"2025-03-08 20:45:00",28777,12.54,6.421,5.972,0.507,5.833
"2025-03-08 21:00:00",28778,12.52,6.347,5.917,0.505,5.797
"2025-03-08 21:15:00",28779,12.57,6.262,5.823,0.506,5.775
"2025-03-08 21:30:00",28780,12.62,6.164,5.67,0.505,5.758
"2025-03-08 21:45:00",28781,12.53,5.978,5.452,0.507,5.738
"2025-03-08 22:00:00",28782,12.57,5.872,5.438,0.505,5.701
"2025-03-08 22:15:00",28783,12.5,5.844,5.412,0.506,5.675
"2025-03-08 22:30:00",28784,12.6,5.786,5.338,0.505,5.648
"2025-03-08 22:45:00",28785,12.55,5.725,5.287,0.504,5.618
"2025-03-08 23:00:00",28786,12.6,5.792,5.333,0.506,5.586
"2025-03-08 23:15:00",28787,12.58,5.713,5.216,0.505,5.568
"2025-03-08 23:30:00",28788,12.56,5.421,4.949,0.505,5.538
"2025-03-08 23:45:00",28789,12.51,5.31,4.817,0.508,5.521
"2025-03-09 00:00:00",28790,12.49,5.116,4.564,0.505,5.504
"2025-03-09 00:15:00",28791,12.52,4.964,4.531,0.506,5.473
"2025-03-09 00:30:00",28792,12.47,4.961,4.891,0.505,5.472
"2025-03-09 00:45:00",28793,12.54,4.893,5.083,0.505,5.469
"2025-03-09 01:00:00",28794,12.48,4.81,5.015,0.505,5.452
"2025-03-09 01:15:00",28795,12.56,4.653,4.344,0.505,5.434
"2025-03-09 01:30:00",28796,12.5,4.538,4.116,0.505,5.416
"2025-03-09 01:45:00",28797,12.53,4.368,3.887,0.505,5.386
"2025-03-09 02:00:00",28798,12.47,4.399,4.041,0.504,5.374
"2025-03-09 02:15:00",28799,12.54,4.471,4.054,0.504,5.363
"2025-03-09 02:30:00",28800,12.46,4.413,3.968,0.504,5.35
"2025-03-09 02:45:00",28801,12.45,4.422,4.062,0.504,5.344
"2025-03-09 03:00:00",28802,12.44,4.478,4.085,0.505,5.339
"2025-03-09 03:15:00",28803,12.49,4.447,4.016,0.506,5.346
"2025-03-09 03:30:00",28804,12.53,4.41,3.934,0.505,5.344
"2025-03-09 03:45:00",28805,12.5,4.254,3.643,0.504,5.338
"2025-03-09 04:00:00",28806,12.49,3.95,3.362,0.505,5.319
"2025-03-09 04:15:00",28807,12.47,3.667,3.077,0.505,5.298
"2025-03-09 04:30:00",28808,12.46,3.361,2.709,0.504,5.275
"2025-03-09 04:45:00",28809,12.45,3.025,2.372,0.505,5.26
"2025-03-09 05:00:00",28810,12.52,2.781,2.243,0.506,5.25
"2025-03-09 05:15:00",28811,12.48,2.685,2.209,0.503,5.243
"2025-03-09 05:30:00",28812,12.44,2.62,2.134,0.504,5.225
"2025-03-09 05:45:00",28813,12.49,2.533,2.06,0.505,5.21
"2025-03-09 06:00:00",28814,12.54,2.46,1.974,0.506,5.197
"2025-03-09 06:15:00",28815,12.41,2.347,1.843,0.505,5.178
"2025-03-09 06:30:00",28816,12.48,2.265,1.788,0.504,5.166
"2025-03-09 06:45:00",28817,12.49,2.311,1.884,0.505,5.157
"2025-03-09 07:00:00",28818,12.46,2.411,2.093,0.504,5.16
"2025-03-09 07:15:00",28819,12.55,2.712,2.484,0.504,5.178
"2025-03-09 07:30:00",28820,12.55,3.189,2.981,0.504,5.209
"2025-03-09 07:45:00",28821,12.49,3.68,3.494,0.504,5.271
"2025-03-09 08:00:00",28822,12.53,4.199,4.005,0.505,5.331
"2025-03-09 08:15:00",28823,12.58,4.65,4.412,0.505,5.389
"2025-03-09 08:30:00",28824,12.57,5.095,4.839,0.505,5.451
"2025-03-09 08:45:00",28825,12.69,5.568,5.289,0.505,5.515
"2025-03-09 09:00:00",28826,12.73,6.021,5.722,0.505,5.584
"2025-03-09 09:15:00",28827,12.78,6.628,6.321,0.506,5.653
"2025-03-09 09:30:00",28828,12.8,7.003,6.612,0.507,5.717
"2025-03-09 09:45:00",28829,12.94,7.489,7.113,0.505,5.784
"2025-03-09 10:00:00",28830,12.99,8.79,8.46,0.505,5.891
"2025-03-09 10:15:00",28831,13.01,9.19,8.65,0.505,6.004
"2025-03-09 10:30:00",28832,12.95,9.42,8.82,0.506,6.147
"2025-03-09 10:45:00",28833,13.05,9.9,9.33,0.507,6.324
"2025-03-09 11:00:00",28834,13.16,10.13,9.59,0.507,6.508
"2025-03-09 11:15:00",28835,13.91,10.87,10.37,0.506,6.668
"2025-03-09 11:30:00",28836,13.85,12.74,12.17,0.507,6.835
"2025-03-09 11:45:00",28837,13.82,13.58,12.93,0.508,7.019
"2025-03-09 12:00:00",28838,13.94,14.34,13.66,0.508,7.201
"2025-03-09 12:15:00",28839,13.86,14.67,13.95,0.51,7.414
"2025-03-09 12:30:00",28840,13.93,14.7,14.02,0.51,7.6
"2025-03-09 12:45:00",28841,12.95,14.03,13.35,0.51,7.782
"2025-03-09 13:00:00",28842,13.34,15.56,14.97,0.508,7.956
"2025-03-09 13:15:00",28843,13.9,15.73,15.24,0.51,8.12
"2025-03-09 13:30:00",28844,13.83,16.43,15.75,0.511,8.25
"2025-03-09 13:45:00",28845,13.37,15.6,14.82,0.51,8.35
"2025-03-09 14:00:00",28846,13.59,16.72,15.96,0.511,8.42
"2025-03-09 14:15:00",28847,13.84,16.77,15.91,0.51,8.35
"2025-03-09 14:30:00",28848,13.81,17.27,16.9,0.509,8.36
"2025-03-09 14:45:00",28849,13.85,17.53,17.64,0.511,8.37
"2025-03-09 15:00:00",28850,13.43,17.9,18.04,0.511,8.33
"2025-03-09 15:15:00",28851,13.77,17.79,17.34,0.509,8.32
"2025-03-09 15:30:00",28852,13.75,17.33,16.45,0.509,8.22
"2025-03-09 15:45:00",28853,13.04,15.67,14.83,0.509,8.11
"2025-03-09 16:00:00",28854,13,15.24,14.56,0.51,7.905
"2025-03-09 16:15:00",28855,12.89,14.93,14.29,0.51,7.719
"2025-03-09 16:30:00",28856,12.87,14.54,13.87,0.508,7.515
"2025-03-09 16:45:00",28857,12.91,14.2,13.62,0.508,7.37
"2025-03-09 17:00:00",28858,12.81,13.99,13.43,0.508,7.242
"2025-03-09 17:15:00",28859,12.78,13.92,13.37,0.508,7.131
"2025-03-09 17:30:00",28860,12.79,13.6,13.05,0.508,7.039
"2025-03-09 17:45:00",28861,12.78,13.22,12.56,0.508,6.94
"2025-03-09 18:00:00",28862,12.64,12.68,11.94,0.506,6.831
"2025-03-09 18:15:00",28863,12.64,11.96,11.08,0.507,6.7
"2025-03-09 18:30:00",28864,12.65,11.13,10.18,0.507,6.572
"2025-03-09 18:45:00",28865,12.61,10.07,9.16,0.507,6.457
"2025-03-09 19:00:00",28866,12.59,9.36,8.58,0.508,6.357
"2025-03-09 19:15:00",28867,12.64,8.81,8.08,0.507,6.271
"2025-03-09 19:30:00",28868,12.61,8.48,7.819,0.506,6.199
"2025-03-09 19:45:00",28869,12.63,8.02,7.411,0.506,6.143
"2025-03-09 20:00:00",28870,12.57,7.739,7.173,0.506,6.101
"2025-03-09 20:15:00",28871,12.55,7.522,6.943,0.505,6.06
"2025-03-09 20:30:00",28872,12.64,7.213,6.609,0.505,6.021
"2025-03-09 20:45:00",28873,12.55,6.998,6.439,0.506,5.991
"2025-03-09 21:00:00",28874,12.62,6.746,6.189,0.507,5.962
"2025-03-09 21:15:00",28875,12.59,6.503,5.898,0.506,5.932
"2025-03-09 21:30:00",28876,12.57,6.149,5.515,0.505,5.905
"2025-03-09 21:45:00",28877,12.58,5.789,5.156,0.505,5.873
"2025-03-09 22:00:00",28878,12.57,5.466,4.852,0.505,5.837
"2025-03-09 22:15:00",28879,12.57,5.161,4.573,0.504,5.809
"2025-03-09 22:30:00",28880,12.61,4.965,4.419,0.507,5.794
"2025-03-09 22:45:00",28881,12.55,4.797,4.28,0.504,5.788
"2025-03-09 23:00:00",28882,12.61,4.685,4.158,0.506,5.787
"2025-03-09 23:15:00",28883,12.54,4.528,4.008,0.506,5.782
"2025-03-09 23:30:00",28884,12.53,4.369,3.853,0.505,5.772
"2025-03-09 23:45:00",28885,12.53,4.379,3.86,0.505,5.766
"2025-03-10 00:00:00",28886,12.58,4.099,3.546,0.505,5.752
"2025-03-10 00:15:00",28887,12.5,3.884,3.327,0.504,5.738
"2025-03-10 00:30:00",28888,12.5,3.733,3.542,0.505,5.724
"2025-03-10 00:45:00",28889,12.47,3.628,3.757,0.505,5.709
"2025-03-10 01:00:00",28890,12.49,3.529,3.756,0.504,5.694
"2025-03-10 01:15:00",28891,12.5,3.471,3.249,0.503,5.687
"2025-03-10 01:30:00",28892,12.53,3.407,2.988,0.504,5.679
"2025-03-10 01:45:00",28893,12.55,3.334,2.817,0.504,5.669
"2025-03-10 02:00:00",28894,12.55,3.216,2.735,0.504,5.666
"2025-03-10 02:15:00",28895,12.49,3.165,2.705,0.504,5.663
"2025-03-10 02:30:00",28896,12.5,3.092,2.64,0.503,5.66
"2025-03-10 02:45:00",28897,12.54,3.142,2.832,0.504,5.666
"2025-03-10 03:00:00",28898,12.46,3.435,3.233,0.504,5.68
"2025-03-10 03:15:00",28899,12.49,3.742,3.559,0.504,5.687
"2025-03-10 03:30:00",28900,12.53,4.189,3.987,0.505,5.688
"2025-03-10 03:45:00",28901,12.5,4.406,4.113,0.504,5.691
"2025-03-10 04:00:00",28902,12.55,4.612,4.313,0.506,5.705
"2025-03-10 04:15:00",28903,12.51,4.749,4.412,0.504,5.724
"2025-03-10 04:30:00",28904,12.53,4.858,4.519,0.506,5.743
"2025-03-10 04:45:00",28905,12.44,4.862,4.393,0.505,5.741
"2025-03-10 05:00:00",28906,12.47,4.689,4.16,0.504,5.729
"2025-03-10 05:15:00",28907,12.43,4.467,4.012,0.505,5.725
"2025-03-10 05:30:00",28908,12.46,4.455,4.066,0.505,5.716
"2025-03-10 05:45:00",28909,12.54,4.497,4.123,0.504,5.701
"2025-03-10 06:00:00",28910,12.45,4.557,4.213,0.505,5.697
"2025-03-10 06:15:00",28911,12.52,4.626,4.23,0.505,5.695
"2025-03-10 06:30:00",28912,12.52,4.638,4.274,0.505,5.706
"2025-03-10 06:45:00",28913,12.45,4.785,4.386,0.505,5.715
"2025-03-10 07:00:00",28914,12.52,4.835,4.446,0.505,5.737
"2025-03-10 07:15:00",28915,12.53,5.056,4.808,0.506,5.776
"2025-03-10 07:30:00",28916,12.54,5.52,5.362,0.505,5.827
"2025-03-10 07:45:00",28917,12.57,6.08,5.917,0.504,5.887
"2025-03-10 08:00:00",28918,12.51,6.54,6.313,0.505,5.952
"2025-03-10 08:15:00",28919,12.55,7.001,6.771,0.506,6.034
"2025-03-10 08:30:00",28920,12.66,7.507,7.261,0.505,6.126
"2025-03-10 08:45:00",28921,12.74,8.03,7.798,0.507,6.232
"2025-03-10 09:00:00",28922,12.81,8.76,8.6,0.507,6.341
"2025-03-10 09:15:00",28923,12.81,9.91,9.8,0.506,6.454
"2025-03-10 09:30:00",28924,12.86,10.74,10.52,0.507,6.541
"2025-03-10 09:45:00",28925,12.87,11.42,11.06,0.506,6.617
"2025-03-10 10:00:00",28926,12.93,11.85,11.39,0.507,6.683
"2025-03-10 10:15:00",28927,13.07,12.37,11.92,0.509,6.765
"2025-03-10 10:30:00",28928,13.17,12.95,12.48,0.507,6.855
"2025-03-10 10:45:00",28929,13.1,13.49,12.99,0.508,6.973
"2025-03-10 11:00:00",28930,13.26,13.88,13.28,0.507,7.063
"2025-03-10 11:15:00",28931,13.31,14.18,13.6,0.507,7.19
"2025-03-10 11:30:00",28932,13.25,14.34,13.68,0.508,7.258
"2025-03-10 11:45:00",28933,13.33,14.52,13.87,0.507,7.311
"2025-03-10 12:00:00",28934,13.77,16.06,15.39,0.506,7.386
"2025-03-10 12:15:00",28935,13.82,17.04,16.36,0.507,7.503
"2025-03-10 12:30:00",28936,13.69,17.61,16.94,0.51,7.672
"2025-03-10 12:45:00",28937,13.76,17.77,16.86,0.508,7.743
"2025-03-10 13:00:00",28938,13.85,17.98,17.15,0.511,7.882
"2025-03-10 13:15:00",28939,13.71,18.26,17.52,0.508,8.02
"2025-03-10 13:30:00",28940,13.75,18.61,17.8,0.508,8.11
"2025-03-10 13:45:00",28941,13.59,18.7,17.88,0.51,8.25
"2025-03-10 14:00:00",28942,13.51,18.46,17.62,0.511,8.3
"2025-03-10 14:15:00",28943,13.74,18.84,18.07,0.512,8.38
