7450-055639
OS REV: 1.05 Sensor Cal: 1624981093
Time (sec),  BV (Volts),  T (deg C),  DO (mg/l),  Q ()
1765312320,+3.43, +4.444,+11.004,+0.940
1765312920,+3.43, +4.424,+11.018,+0.939
1765313520,+3.43, +4.424,+11.016,+0.940
1765314120,+3.43, +4.424,+11.001,+0.940
1765314720,+3.43, +4.444,+10.980,+0.939
1765315320,+3.43, +4.444,+11.001,+0.939
1765315920,+3.43, +4.434,+11.016,+0.940
1765316520,+3.43, +4.444,+10.996,+0.940
1765317120,+3.43, +4.434,+11.012,+0.940
1765317720,+3.43, +4.434,+11.007,+0.940
1765318320,+3.43, +4.424,+10.992,+0.940
1765318920,+3.43, +4.414,+11.041,+0.940
1765319520,+3.43, +4.434,+11.018,+0.940
1765320120,+3.43, +4.454,+11.016,+0.939
1765320720,+3.43, +4.464,+11.002,+0.940
1765321320,+3.43, +4.414,+10.969,+0.940
1765321920,+3.43, +4.414,+11.026,+0.940
1765322520,+3.43, +4.404,+11.058,+0.939
1765323120,+3.43, +4.393,+11.058,+0.940
1765323720,+3.43, +4.404,+11.032,+0.940
1765324320,+3.43, +4.393,+11.020,+0.939
1765324920,+3.43, +4.363,+11.054,+0.940
1765325520,+3.43, +4.373,+11.060,+0.940
1765326120,+3.43, +4.373,+11.080,+0.940
1765326720,+3.43, +4.373,+11.065,+0.939
1765327320,+3.43, +4.383,+11.040,+0.939
1765327920,+3.43, +4.383,+11.037,+0.939
1765328520,+3.43, +4.333,+11.084,+0.940
1765329120,+3.43, +4.323,+11.099,+0.940
1765329720,+3.43, +4.323,+11.098,+0.939
1765330320,+3.43, +4.333,+11.101,+0.939
1765330920,+3.43, +4.323,+11.096,+0.939
1765331520,+3.43, +4.333,+11.076,+0.939
1765332120,+3.43, +4.323,+11.079,+0.939
1765332720,+3.43, +4.313,+11.075,+0.940
1765333320,+3.43, +4.282,+11.098,+0.940
1765333920,+3.43, +4.282,+11.094,+0.939
1765334520,+3.43, +4.272,+11.112,+0.939
1765335120,+3.43, +4.272,+11.110,+0.939
1765335720,+3.43, +4.272,+11.116,+0.939
1765336320,+3.43, +4.272,+11.114,+0.939
1765336920,+3.43, +4.252,+11.155,+0.940
1765337520,+3.43, +4.252,+11.135,+0.939
1765338120,+3.43, +4.262,+11.138,+0.939
1765338720,+3.43, +4.272,+11.143,+0.940
1765339320,+3.43, +4.272,+11.122,+0.939
1765339920,+3.43, +4.272,+11.119,+0.940
1765340520,+3.43, +4.282,+11.095,+0.939
1765341120,+3.43, +4.282,+11.086,+0.939
1765341720,+3.43, +4.313,+11.072,+0.939
1765342320,+3.43, +4.313,+11.052,+0.939
1765342920,+3.43, +4.302,+11.043,+0.940
1765343520,+3.43, +4.292,+11.040,+0.939
1765344120,+3.43, +4.313,+11.003,+0.940
1765344720,+3.43, +4.313,+10.950,+0.940
1765345320,+3.43, +4.292,+10.972,+0.939
1765345920,+3.43, +4.323,+11.004,+0.939
1765346520,+3.43, +4.373,+11.002,+0.940
1765347120,+3.43, +4.373,+10.892,+0.939
1765347720,+3.43, +4.333,+10.880,+0.940
1765348320,+3.43, +4.343,+10.879,+0.939
1765348920,+3.43, +4.333,+10.918,+0.939
1765349520,+3.43, +4.302,+10.904,+0.939
1765350120,+3.43, +4.313,+10.845,+0.939
1765350720,+3.43, +4.323,+10.736,+0.940
1765351320,+3.43, +4.393,+10.537,+0.940
1765351920,+3.43, +4.383,+10.520,+0.940
1765352520,+3.43, +4.363,+10.552,+0.939
1765353120,+3.43, +4.262,+10.655,+0.939
1765353720,+3.43, +4.262,+10.701,+0.940
1765354320,+3.43, +4.292,+10.755,+0.940
1765354920,+3.43, +4.262,+10.757,+0.940
1765355520,+3.43, +4.211,+10.731,+0.939
1765356120,+3.43, +4.171,+10.833,+0.939
1765356720,+3.43, +4.171,+10.881,+0.939
1765357320,+3.43, +4.150,+10.916,+0.939
1765357920,+3.43, +4.161,+10.927,+0.940
1765358520,+3.43, +4.242,+10.861,+0.939
1765359120,+3.43, +4.232,+10.771,+0.940
1765359720,+3.43, +4.201,+10.832,+0.939
1765360320,+3.43, +4.181,+10.884,+0.939
1765360920,+3.43, +4.171,+10.918,+0.939
1765361520,+3.43, +4.191,+10.949,+0.939
1765362120,+3.43, +4.161,+10.972,+0.939
1765362720,+3.43, +4.161,+10.966,+0.939
1765363320,+3.43, +4.171,+10.984,+0.939
1765363920,+3.43, +4.191,+10.973,+0.939
1765364520,+3.43, +4.191,+10.970,+0.939
1765365120,+3.43, +4.232,+10.997,+0.939
1765365720,+3.43, +4.232,+10.876,+0.939
1765366320,+3.43, +4.232,+10.916,+0.939
1765366920,+3.43, +4.221,+10.908,+0.939
1765367520,+3.43, +4.232,+10.893,+0.939
1765368120,+3.43, +4.221,+10.852,+0.939
1765368720,+3.43, +4.242,+10.759,+0.939
1765369320,+3.43, +4.232,+10.557,+0.939
1765369920,+3.43, +4.232,+10.529,+0.939
1765370520,+3.43, +4.201,+10.552,+0.939
1765371120,+3.43, +4.221,+10.581,+0.939
1765371720,+3.43, +4.181,+10.641,+0.939
1765372320,+3.43, +4.161,+10.670,+0.939
1765372920,+3.43, +4.191,+10.540,+0.940
1765373520,+3.43, +4.191,+10.565,+0.939
1765374120,+3.43, +4.191,+10.628,+0.940
1765374720,+3.43, +4.161,+10.673,+0.940
1765375320,+3.43, +4.150,+10.664,+0.939
1765375920,+3.43, +4.089,+10.669,+0.939
1765376520,+3.43, +4.049,+10.796,+0.939
1765377120,+3.43, +4.089,+10.876,+0.939
1765377720,+3.43, +4.079,+10.887,+0.939
1765378320,+3.43, +4.028,+10.919,+0.939
1765378920,+3.43, +4.039,+10.938,+0.939
1765379520,+3.43, +4.018,+10.942,+0.939
1765380120,+3.43, +4.039,+10.989,+0.939
1765380720,+3.43, +4.028,+10.986,+0.939
1765381320,+3.43, +4.049,+11.027,+0.939
1765381920,+3.43, +4.059,+11.041,+0.939
1765382520,+3.43, +4.069,+11.051,+0.939
1765383120,+3.43, +4.079,+11.037,+0.939
1765383720,+3.43, +4.079,+11.012,+0.939
1765384320,+3.43, +4.069,+10.937,+0.939
1765384920,+3.43, +4.069,+10.949,+0.939
1765385520,+3.43, +4.079,+11.001,+0.939
1765386120,+3.43, +4.089,+11.064,+0.939
1765386720,+3.43, +4.069,+11.062,+0.939
1765387320,+3.43, +4.100,+11.050,+0.939
1765387920,+3.43, +4.110,+11.053,+0.939
1765388520,+3.43, +4.130,+11.009,+0.939
1765389120,+3.43, +4.100,+11.008,+0.939
1765389720,+3.43, +4.079,+11.036,+0.939
1765390320,+3.43, +4.039,+11.106,+0.939
1765390920,+3.43, +4.059,+11.105,+0.939
1765391520,+3.43, +4.059,+11.089,+0.939
1765392120,+3.43, +4.069,+11.132,+0.939
1765392720,+3.43, +4.089,+11.144,+0.939
1765393320,+3.43, +4.089,+11.127,+0.939
1765393920,+3.43, +4.079,+11.142,+0.939
1765394520,+3.43, +4.089,+11.142,+0.939
1765395120,+3.43, +4.120,+11.117,+0.939
1765395720,+3.43, +4.120,+11.102,+0.939
1765396320,+3.43, +4.140,+11.075,+0.939
1765396920,+3.43, +4.120,+11.079,+0.939
1765397520,+3.43, +4.130,+11.109,+0.939
1765398120,+3.43, +4.150,+11.103,+0.939
1765398720,+3.43, +4.120,+11.119,+0.939
