7450-055639
OS REV: 1.05 Sensor Cal: 1624981093
Time (sec),  BV (Volts),  T (deg C),  DO (mg/l),  Q ()
1766878320,+3.43, +4.393,+11.269,+0.938
1766878920,+3.43, +4.424,+11.262,+0.938
1766879520,+3.43, +4.404,+11.285,+0.938
1766880120,+3.43, +4.414,+11.296,+0.938
1766880720,+3.43, +4.424,+11.309,+0.938
1766881320,+3.43, +4.393,+11.306,+0.939
1766881920,+3.43, +4.424,+11.288,+0.939
1766882520,+3.43, +4.404,+11.272,+0.938
1766883120,+3.43, +4.414,+11.267,+0.939
1766883720,+3.43, +4.414,+11.240,+0.938
1766884320,+3.43, +4.404,+11.251,+0.939
1766884920,+3.43, +4.414,+11.249,+0.938
1766885520,+3.43, +4.424,+11.235,+0.938
1766886120,+3.43, +4.414,+11.250,+0.938
1766886720,+3.43, +4.444,+11.234,+0.938
1766887320,+3.43, +4.434,+11.262,+0.938
1766887920,+3.43, +4.444,+11.267,+0.938
1766888520,+3.43, +4.444,+11.272,+0.938
1766889120,+3.43, +4.434,+11.253,+0.938
1766889720,+3.43, +4.444,+11.271,+0.939
1766890320,+3.43, +4.424,+11.265,+0.938
1766890920,+3.43, +4.464,+11.224,+0.938
1766891520,+3.43, +4.444,+11.238,+0.938
1766892120,+3.43, +4.424,+11.224,+0.938
1766892720,+3.43, +4.434,+11.180,+0.938
1766893320,+3.43, +4.424,+11.179,+0.939
1766893920,+3.43, +4.474,+11.132,+0.938
1766894520,+3.43, +4.464,+11.118,+0.938
1766895120,+3.43, +4.454,+11.093,+0.938
1766895720,+3.43, +4.454,+11.083,+0.938
1766896320,+3.43, +4.454,+11.079,+0.939
1766896920,+3.43, +4.464,+11.048,+0.939
1766897520,+3.43, +4.464,+11.059,+0.939
1766898120,+3.43, +4.474,+11.070,+0.938
1766898720,+3.43, +4.444,+11.101,+0.938
1766899320,+3.43, +4.464,+11.056,+0.938
1766899920,+3.43, +4.464,+11.069,+0.938
1766900520,+3.43, +4.484,+11.121,+0.938
1766901120,+3.43, +4.484,+11.126,+0.938
1766901720,+3.43, +4.454,+11.137,+0.938
1766902320,+3.43, +4.484,+11.088,+0.939
1766902920,+3.43, +4.494,+11.029,+0.939
1766903520,+3.43, +4.474,+10.887,+0.939
1766904120,+3.43, +4.505,+10.830,+0.938
1766904720,+3.43, +4.494,+10.813,+0.939
1766905320,+3.43, +4.484,+10.887,+0.939
1766905920,+3.43, +4.494,+10.965,+0.938
1766906520,+3.43, +4.494,+11.011,+0.939
1766907120,+3.43, +4.484,+10.911,+0.938
1766907720,+3.43, +4.484,+10.946,+0.938
1766908320,+3.43, +4.454,+11.049,+0.938
1766908920,+3.43, +4.464,+11.070,+0.939
1766909520,+3.43, +4.474,+11.053,+0.938
1766910120,+3.43, +4.464,+11.032,+0.938
1766910720,+3.43, +4.474,+11.031,+0.939
1766911320,+3.43, +4.474,+11.057,+0.939
1766911920,+3.43, +4.454,+11.109,+0.939
1766912520,+3.43, +4.454,+11.137,+0.938
1766913120,+3.43, +4.474,+11.076,+0.939
1766913720,+3.43, +4.444,+11.121,+0.939
1766914320,+3.43, +4.454,+11.169,+0.938
1766914920,+3.43, +4.484,+11.156,+0.938
1766915520,+3.43, +4.454,+11.162,+0.938
1766916120,+3.43, +4.484,+11.153,+0.938
1766916720,+3.43, +4.474,+11.098,+0.938
1766917320,+3.43, +4.474,+11.146,+0.938
1766917920,+3.43, +4.505,+11.023,+0.939
1766918520,+3.43, +4.505,+11.082,+0.938
1766919120,+3.43, +4.464,+11.095,+0.939
1766919720,+3.43, +4.454,+11.153,+0.938
1766920320,+3.43, +4.454,+11.151,+0.938
1766920920,+3.43, +4.484,+11.109,+0.939
1766921520,+3.43, +4.494,+11.067,+0.938
1766922120,+3.43, +4.484,+11.074,+0.938
1766922720,+3.43, +4.494,+11.045,+0.939
1766923320,+3.43, +4.505,+11.039,+0.938
1766923920,+3.43, +4.505,+11.029,+0.939
1766924520,+3.43, +4.464,+11.041,+0.939
1766925120,+3.43, +4.494,+11.010,+0.939
1766925720,+3.43, +4.464,+11.002,+0.939
1766926320,+3.43, +4.484,+11.004,+0.938
1766926920,+3.43, +4.484,+11.011,+0.938
1766927520,+3.43, +4.515,+11.038,+0.939
1766928120,+3.43, +4.494,+11.047,+0.938
1766928720,+3.43, +4.494,+11.088,+0.938
1766929320,+3.43, +4.545,+11.125,+0.938
1766929920,+3.43, +4.525,+11.179,+0.939
1766930520,+3.43, +4.545,+11.179,+0.939
1766931120,+3.43, +4.565,+11.133,+0.939
1766931720,+3.43, +4.555,+11.131,+0.939
1766932320,+3.43, +4.545,+11.141,+0.938
1766932920,+3.43, +4.575,+11.105,+0.939
1766933520,+3.43, +4.595,+11.093,+0.939
1766934120,+3.43, +4.605,+11.112,+0.938
1766934720,+3.43, +4.595,+11.120,+0.938
1766935320,+3.43, +4.595,+11.172,+0.939
1766935920,+3.43, +4.615,+11.186,+0.939
1766936520,+3.43, +4.645,+11.163,+0.938
1766937120,+3.43, +4.615,+11.196,+0.939
1766937720,+3.43, +4.666,+11.164,+0.939
1766938320,+3.43, +4.686,+11.222,+0.939
1766938920,+3.43, +4.656,+11.198,+0.938
1766939520,+3.43, +4.696,+11.139,+0.939
1766940120,+3.43, +4.706,+11.227,+0.939
1766940720,+3.43, +4.716,+11.312,+0.939
1766941320,+3.43, +4.736,+11.373,+0.939
1766941920,+3.43, +4.716,+11.324,+0.939
1766942520,+3.43, +4.605,+11.047,+0.938
1766943120,+3.43, +4.595,+10.982,+0.939
1766943720,+3.43, +4.595,+11.032,+0.938
1766944320,+3.43, +4.605,+11.030,+0.939
1766944920,+3.43, +4.625,+11.061,+0.938
1766945520,+3.43, +4.605,+11.076,+0.939
1766946120,+3.43, +4.595,+11.029,+0.938
1766946720,+3.43, +4.575,+10.969,+0.938
1766947320,+3.43, +4.615,+11.059,+0.939
1766947920,+3.43, +4.635,+11.056,+0.939
1766948520,+3.43, +4.696,+11.190,+0.938
1766949120,+3.43, +4.686,+11.278,+0.939
1766949720,+3.43, +4.686,+11.223,+0.939
1766950320,+3.43, +4.666,+11.206,+0.939
1766950920,+3.43, +4.676,+11.194,+0.939
1766951520,+3.43, +4.666,+10.975,+0.939
1766952120,+3.43, +4.625,+10.811,+0.939
1766952720,+3.43, +4.565,+10.839,+0.939
1766953320,+3.43, +4.545,+10.866,+0.939
1766953920,+3.43, +4.555,+10.786,+0.938
1766954520,+3.43, +4.575,+10.787,+0.938
1766955120,+3.43, +4.555,+10.808,+0.939
1766955720,+3.43, +4.555,+10.770,+0.939
1766956320,+3.43, +4.565,+10.792,+0.939
1766956920,+3.43, +4.555,+10.902,+0.939
1766957520,+3.43, +4.686,+10.997,+0.939
1766958120,+3.43, +4.756,+11.196,+0.939
1766958720,+3.43, +4.756,+11.248,+0.939
1766959320,+3.43, +4.756,+10.989,+0.939
1766959920,+3.43, +4.706,+10.852,+0.939
1766960520,+3.43, +4.625,+10.891,+0.939
1766961120,+3.43, +4.595,+10.796,+0.938
1766961720,+3.43, +4.575,+10.729,+0.938
1766962320,+3.43, +4.545,+10.678,+0.939
1766962920,+3.43, +4.545,+10.654,+0.939
1766963520,+3.43, +4.555,+10.616,+0.939
1766964120,+3.43, +4.565,+10.596,+0.939
1766964720,+3.43, +4.545,+10.624,+0.939
