7450-055639
OS REV: 1.05 Sensor Cal: 1624981093
Time (sec),  BV (Volts),  T (deg C),  DO (mg/l),  Q ()
1765225320,+3.43, +4.786,+10.763,+0.940
1765225920,+3.43, +4.806,+10.759,+0.940
1765226520,+3.43, +4.816,+10.767,+0.940
1765227120,+3.43, +4.836,+10.787,+0.940
1765227720,+3.43, +4.816,+10.811,+0.941
1765228320,+3.43, +4.746,+10.778,+0.940
1765228920,+3.43, +4.676,+10.938,+0.940
1765229520,+3.43, +4.686,+10.938,+0.940
1765230120,+3.43, +4.726,+10.939,+0.940
1765230720,+3.43, +4.736,+10.909,+0.940
1765231320,+3.43, +4.756,+10.905,+0.940
1765231920,+3.43, +4.736,+10.948,+0.940
1765232520,+3.43, +4.756,+10.907,+0.940
1765233120,+3.43, +4.736,+10.908,+0.940
1765233720,+3.43, +4.726,+10.890,+0.940
1765234320,+3.43, +4.736,+10.912,+0.940
1765234920,+3.43, +4.766,+10.913,+0.940
1765235520,+3.43, +4.776,+10.911,+0.941
1765236120,+3.43, +4.786,+10.823,+0.941
1765236720,+3.43, +4.786,+10.806,+0.940
1765237320,+3.43, +4.796,+10.765,+0.940
1765237920,+3.43, +4.786,+10.776,+0.941
1765238520,+3.43, +4.806,+10.733,+0.941
1765239120,+3.43, +4.796,+10.637,+0.940
1765239720,+3.43, +4.806,+10.566,+0.940
1765240320,+3.43, +4.816,+10.547,+0.940
1765240920,+3.43, +4.756,+10.253,+0.940
1765241520,+3.43, +4.706,+10.726,+0.940
1765242120,+3.43, +4.716,+10.774,+0.940
1765242720,+3.43, +4.786,+10.710,+0.940
1765243320,+3.43, +4.726,+10.686,+0.940
1765243920,+3.43, +4.746,+10.738,+0.940
1765244520,+3.43, +4.756,+10.700,+0.940
1765245120,+3.43, +4.786,+10.607,+0.940
1765245720,+3.43, +4.756,+10.384,+0.941
1765246320,+3.43, +4.696,+10.211,+0.940
1765246920,+3.43, +4.676,+10.295,+0.940
1765247520,+3.43, +4.676,+10.466,+0.940
1765248120,+3.43, +4.706,+10.516,+0.940
1765248720,+3.43, +4.716,+10.492,+0.940
1765249320,+3.43, +4.686,+10.501,+0.940
1765249920,+3.43, +4.585,+10.543,+0.940
1765250520,+3.43, +4.595,+10.449,+0.940
1765251120,+3.43, +4.605,+10.581,+0.940
1765251720,+3.43, +4.605,+10.632,+0.940
1765252320,+3.43, +4.625,+10.636,+0.940
1765252920,+3.43, +4.656,+10.625,+0.940
1765253520,+3.43, +4.645,+10.634,+0.940
1765254120,+3.43, +4.696,+10.623,+0.940
1765254720,+3.43, +4.726,+10.634,+0.940
1765255320,+3.43, +4.696,+10.515,+0.941
1765255920,+3.43, +4.686,+10.511,+0.940
1765256520,+3.43, +4.706,+10.600,+0.940
1765257120,+3.43, +4.716,+10.492,+0.940
1765257720,+3.43, +4.706,+10.406,+0.940
1765258320,+3.43, +4.706,+10.486,+0.940
1765258920,+3.43, +4.666,+10.594,+0.940
1765259520,+3.43, +4.696,+10.637,+0.940
1765260120,+3.43, +4.696,+10.678,+0.940
1765260720,+3.43, +4.686,+10.747,+0.940
1765261320,+3.43, +4.716,+10.753,+0.940
1765261920,+3.43, +4.696,+10.749,+0.940
1765262520,+3.43, +4.595,+10.753,+0.940
1765263120,+3.43, +4.595,+10.745,+0.940
1765263720,+3.43, +4.595,+10.734,+0.940
1765264320,+3.43, +4.565,+10.761,+0.940
1765264920,+3.43, +4.575,+10.721,+0.940
1765265520,+3.43, +4.615,+10.665,+0.940
1765266120,+3.43, +4.585,+10.626,+0.940
1765266720,+3.43, +4.605,+10.544,+0.940
1765267320,+3.43, +4.595,+10.598,+0.940
1765267920,+3.43, +4.595,+10.700,+0.940
1765268520,+3.43, +4.615,+10.714,+0.940
1765269120,+3.43, +4.605,+10.687,+0.940
1765269720,+3.43, +4.625,+10.666,+0.940
1765270320,+3.43, +4.645,+10.670,+0.940
1765270920,+3.43, +4.625,+10.678,+0.940
1765271520,+3.43, +4.605,+10.662,+0.940
1765272120,+3.43, +4.625,+10.638,+0.940
1765272720,+3.43, +4.595,+10.705,+0.940
1765273320,+3.43, +4.605,+10.702,+0.940
1765273920,+3.43, +4.625,+10.633,+0.940
1765274520,+3.43, +4.575,+10.657,+0.940
1765275120,+3.43, +4.585,+10.647,+0.940
1765275720,+3.43, +4.595,+10.631,+0.940
1765276320,+3.43, +4.585,+10.631,+0.940
1765276920,+3.43, +4.555,+10.638,+0.940
1765277520,+3.43, +4.535,+10.607,+0.940
1765278120,+3.43, +4.494,+10.647,+0.941
1765278720,+3.43, +4.535,+10.600,+0.940
1765279320,+3.43, +4.535,+10.621,+0.940
1765279920,+3.43, +4.525,+10.646,+0.940
1765280520,+3.43, +4.545,+10.653,+0.939
1765281120,+3.43, +4.565,+10.671,+0.940
1765281720,+3.43, +4.555,+10.654,+0.940
1765282320,+3.43, +4.555,+10.690,+0.940
1765282920,+3.43, +4.535,+10.703,+0.940
1765283520,+3.43, +4.545,+10.684,+0.940
1765284120,+3.43, +4.565,+10.663,+0.940
1765284720,+3.43, +4.525,+10.466,+0.940
1765285320,+3.43, +4.525,+10.606,+0.940
1765285920,+3.43, +4.515,+10.656,+0.940
1765286520,+3.43, +4.515,+10.747,+0.940
1765287120,+3.43, +4.505,+10.749,+0.940
1765287720,+3.43, +4.494,+10.730,+0.939
1765288320,+3.43, +4.505,+10.769,+0.940
1765288920,+3.43, +4.525,+10.754,+0.940
1765289520,+3.43, +4.525,+10.741,+0.940
1765290120,+3.43, +4.525,+10.702,+0.940
1765290720,+3.43, +4.525,+10.665,+0.940
1765291320,+3.43, +4.494,+10.652,+0.940
1765291920,+3.43, +4.505,+10.567,+0.940
1765292520,+3.43, +4.484,+10.601,+0.940
1765293120,+3.43, +4.484,+10.563,+0.940
1765293720,+3.43, +4.515,+10.559,+0.940
1765294320,+3.43, +4.494,+10.562,+0.940
1765294920,+3.43, +4.484,+10.590,+0.940
1765295520,+3.43, +4.444,+10.621,+0.940
1765296120,+3.43, +4.494,+10.618,+0.940
1765296720,+3.43, +4.494,+10.632,+0.939
1765297320,+3.43, +4.494,+10.739,+0.940
1765297920,+3.43, +4.484,+10.773,+0.940
1765298520,+3.43, +4.505,+10.836,+0.940
1765299120,+3.43, +4.484,+10.853,+0.939
1765299720,+3.43, +4.454,+10.880,+0.939
1765300320,+3.43, +4.484,+10.885,+0.940
1765300920,+3.43, +4.454,+10.913,+0.940
1765301520,+3.43, +4.464,+10.905,+0.940
1765302120,+3.43, +4.474,+10.949,+0.940
1765302720,+3.43, +4.444,+10.925,+0.940
1765303320,+3.43, +4.434,+10.936,+0.940
1765303920,+3.43, +4.454,+10.916,+0.940
1765304520,+3.43, +4.464,+10.925,+0.940
1765305120,+3.43, +4.474,+10.943,+0.940
1765305720,+3.43, +4.424,+10.974,+0.940
1765306320,+3.43, +4.404,+11.004,+0.940
1765306920,+3.43, +4.454,+10.975,+0.939
1765307520,+3.43, +4.424,+10.995,+0.940
1765308120,+3.43, +4.454,+11.007,+0.940
1765308720,+3.43, +4.454,+10.982,+0.939
1765309320,+3.43, +4.434,+10.984,+0.939
1765309920,+3.43, +4.434,+11.007,+0.940
1765310520,+3.43, +4.404,+11.044,+0.940
1765311120,+3.43, +4.404,+11.023,+0.939
1765311720,+3.43, +4.424,+11.006,+0.940
