7450-055639
OS REV: 1.05 Sensor Cal: 1624981093
Time (sec),  BV (Volts),  T (deg C),  DO (mg/l),  Q ()
1765660320,+3.42, +3.906,+11.389,+0.938
1765660920,+3.42, +3.957,+11.378,+0.939
1765661520,+3.43, +3.947,+11.382,+0.938
1765662120,+3.43, +3.967,+11.331,+0.939
1765662720,+3.42, +3.977,+11.258,+0.938
1765663320,+3.43, +3.967,+11.295,+0.938
1765663920,+3.43, +4.008,+11.281,+0.939
1765664520,+3.43, +3.988,+11.231,+0.939
1765665120,+3.43, +4.018,+11.217,+0.939
1765665720,+3.43, +4.028,+11.192,+0.939
1765666320,+3.43, +4.018,+11.100,+0.939
1765666920,+3.42, +3.988,+11.094,+0.939
1765667520,+3.43, +4.018,+11.037,+0.939
1765668120,+3.43, +4.039,+10.817,+0.938
1765668720,+3.43, +4.028,+10.896,+0.938
1765669320,+3.43, +4.018,+10.946,+0.938
1765669920,+3.43, +4.008,+10.952,+0.939
1765670520,+3.43, +4.049,+10.929,+0.938
1765671120,+3.43, +4.028,+10.968,+0.939
1765671720,+3.43, +4.018,+10.957,+0.939
1765672320,+3.43, +3.977,+10.996,+0.939
1765672920,+3.43, +3.998,+10.993,+0.939
1765673520,+3.43, +4.008,+10.981,+0.939
1765674120,+3.42, +3.998,+11.014,+0.939
1765674720,+3.43, +4.008,+10.990,+0.939
1765675320,+3.43, +4.049,+10.234,+0.939
1765675920,+3.43, +4.018,+10.289,+0.939
1765676520,+3.43, +4.018,+10.360,+0.939
1765677120,+3.43, +3.988,+10.433,+0.939
1765677720,+3.43, +4.028,+10.539,+0.939
1765678320,+3.43, +4.039,+10.705,+0.939
1765678920,+3.43, +3.998,+10.726,+0.939
1765679520,+3.43, +3.998,+10.740,+0.939
1765680120,+3.43, +3.977,+10.891,+0.939
1765680720,+3.42, +3.916,+11.030,+0.939
1765681320,+3.42, +3.947,+11.138,+0.938
1765681920,+3.42, +3.906,+11.268,+0.938
1765682520,+3.42, +3.937,+11.257,+0.939
1765683120,+3.43, +3.967,+11.237,+0.938
1765683720,+3.43, +3.957,+11.139,+0.939
1765684320,+3.42, +3.937,+11.154,+0.938
1765684920,+3.42, +4.079,+10.958,+0.939
1765685520,+3.43, +4.150,+10.047,+0.939
1765686120,+3.43, +4.079, +9.716,+0.939
1765686720,+3.43, +4.100, +9.719,+0.939
1765687320,+3.43, +4.120,+10.157,+0.939
1765687920,+3.43, +4.079, +9.953,+0.939
1765688520,+3.43, +4.008,+10.463,+0.939
1765689120,+3.43, +4.069,+10.752,+0.939
1765689720,+3.43, +4.069,+10.708,+0.938
1765690320,+3.43, +4.039,+10.840,+0.939
1765690920,+3.43, +4.110, +9.879,+0.939
1765691520,+3.42, +3.906,+11.009,+0.939
1765692120,+3.42, +3.875,+11.096,+0.938
1765692720,+3.42, +3.896,+10.972,+0.939
1765693320,+3.42, +3.886,+11.160,+0.939
1765693920,+3.42, +3.835,+11.291,+0.938
1765694520,+3.42, +3.865,+11.240,+0.939
1765695120,+3.42, +3.875,+11.206,+0.938
1765695720,+3.42, +3.855,+11.270,+0.938
1765696320,+3.42, +3.865,+11.222,+0.938
1765696920,+3.42, +3.875,+11.205,+0.938
1765697520,+3.42, +3.875,+11.192,+0.938
1765698120,+3.42, +3.875,+11.260,+0.938
1765698720,+3.42, +3.906,+11.165,+0.938
1765699320,+3.42, +3.875,+11.238,+0.939
1765699920,+3.42, +3.855,+11.223,+0.938
1765700520,+3.42, +3.906,+11.236,+0.938
1765701120,+3.42, +3.855,+11.269,+0.939
1765701720,+3.42, +3.855,+11.196,+0.938
1765702320,+3.42, +3.855,+11.251,+0.938
1765702920,+3.42, +3.865,+11.214,+0.938
1765703520,+3.42, +3.845,+11.305,+0.939
1765704120,+3.42, +3.855,+11.287,+0.938
1765704720,+3.42, +3.875,+11.276,+0.938
1765705320,+3.42, +3.845,+11.286,+0.938
1765705920,+3.42, +3.835,+11.269,+0.937
1765706520,+3.42, +3.835,+11.288,+0.938
1765707120,+3.42, +3.855,+11.275,+0.938
1765707720,+3.42, +3.824,+11.258,+0.938
1765708320,+3.42, +3.783,+11.243,+0.938
1765708920,+3.42, +3.783,+11.227,+0.939
1765709520,+3.42, +3.763,+11.178,+0.938
1765710120,+3.42, +3.773,+11.234,+0.938
1765710720,+3.42, +3.794,+11.158,+0.938
1765711320,+3.42, +3.804,+11.199,+0.938
1765711920,+3.42, +3.794,+11.222,+0.938
1765712520,+3.42, +3.783,+11.198,+0.938
1765713120,+3.42, +3.763,+11.224,+0.938
1765713720,+3.42, +3.773,+11.319,+0.938
1765714320,+3.42, +3.814,+11.306,+0.938
1765714920,+3.42, +3.763,+11.243,+0.938
1765715520,+3.42, +3.773,+11.150,+0.939
1765716120,+3.42, +3.783,+11.202,+0.938
1765716720,+3.42, +3.773,+11.135,+0.938
1765717320,+3.42, +3.732,+11.218,+0.938
1765717920,+3.42, +3.753,+11.229,+0.938
1765718520,+3.42, +3.753,+11.166,+0.938
1765719120,+3.42, +3.743,+11.216,+0.938
1765719720,+3.42, +3.732,+11.233,+0.938
1765720320,+3.42, +3.722,+11.246,+0.938
1765720920,+3.42, +3.681,+11.275,+0.938
1765721520,+3.42, +3.691,+11.307,+0.939
1765722120,+3.42, +3.702,+11.243,+0.938
1765722720,+3.42, +3.681,+11.296,+0.938
1765723320,+3.42, +3.640,+11.359,+0.938
1765723920,+3.42, +3.661,+11.336,+0.938
1765724520,+3.42, +3.640,+11.363,+0.938
1765725120,+3.42, +3.620,+11.347,+0.938
1765725720,+3.42, +3.640,+11.381,+0.938
1765726320,+3.42, +3.650,+11.418,+0.938
1765726920,+3.42, +3.650,+11.407,+0.938
1765727520,+3.42, +3.650,+11.409,+0.938
1765728120,+3.42, +3.671,+11.400,+0.939
1765728720,+3.42, +3.650,+11.415,+0.938
1765729320,+3.42, +3.671,+11.408,+0.938
1765729920,+3.42, +3.681,+11.408,+0.938
1765730520,+3.42, +3.681,+11.405,+0.938
1765731120,+3.42, +3.671,+11.407,+0.938
1765731720,+3.42, +3.712,+11.392,+0.938
1765732320,+3.42, +3.712,+11.382,+0.938
1765732920,+3.42, +3.712,+11.393,+0.938
1765733520,+3.42, +3.732,+11.330,+0.938
1765734120,+3.42, +3.722,+11.360,+0.938
1765734720,+3.42, +3.743,+11.306,+0.938
1765735320,+3.42, +3.753,+11.373,+0.938
1765735920,+3.42, +3.773,+11.379,+0.938
1765736520,+3.42, +3.783,+11.393,+0.938
1765737120,+3.42, +3.794,+11.385,+0.938
1765737720,+3.42, +3.783,+11.501,+0.938
1765738320,+3.42, +3.804,+11.491,+0.938
1765738920,+3.42, +3.794,+11.465,+0.938
1765739520,+3.42, +3.814,+11.533,+0.938
1765740120,+3.42, +3.824,+11.557,+0.938
1765740720,+3.42, +3.814,+11.551,+0.939
1765741320,+3.42, +3.794,+11.604,+0.938
1765741920,+3.42, +3.804,+11.594,+0.938
1765742520,+3.42, +3.794,+11.614,+0.938
1765743120,+3.42, +3.783,+11.634,+0.938
1765743720,+3.42, +3.794,+11.581,+0.938
1765744320,+3.42, +3.763,+11.619,+0.938
1765744920,+3.42, +3.773,+11.596,+0.938
1765745520,+3.42, +3.763,+11.516,+0.938
1765746120,+3.42, +3.743,+11.554,+0.938
1765746720,+3.42, +3.722,+11.565,+0.938
