7450-055639
OS REV: 1.05 Sensor Cal: 1624981093
Time (sec),  BV (Volts),  T (deg C),  DO (mg/l),  Q ()
1765747320,+3.42, +3.722,+11.573,+0.938
1765747920,+3.42, +3.732,+11.503,+0.938
1765748520,+3.42, +3.712,+11.596,+0.938
1765749120,+3.42, +3.722,+11.547,+0.938
1765749720,+3.42, +3.732,+11.473,+0.938
1765750320,+3.42, +3.732,+11.492,+0.938
1765750920,+3.42, +3.743,+11.526,+0.938
1765751520,+3.42, +3.691,+11.535,+0.938
1765752120,+3.42, +3.702,+11.533,+0.938
1765752720,+3.42, +3.640,+11.540,+0.938
1765753320,+3.42, +3.640,+11.588,+0.938
1765753920,+3.42, +3.578,+11.586,+0.938
1765754520,+3.42, +3.578,+11.568,+0.938
1765755120,+3.42, +3.568,+11.544,+0.938
1765755720,+3.42, +3.517,+11.585,+0.938
1765756320,+3.42, +3.496,+11.555,+0.938
1765756920,+3.42, +3.434,+11.638,+0.938
1765757520,+3.42, +3.455,+11.589,+0.937
1765758120,+3.42, +3.434,+11.599,+0.938
1765758720,+3.42, +3.455,+11.572,+0.938
1765759320,+3.42, +3.414,+11.585,+0.938
1765759920,+3.42, +3.383,+11.602,+0.938
1765760520,+3.42, +3.424,+11.549,+0.937
1765761120,+3.42, +3.373,+11.625,+0.938
1765761720,+3.42, +3.383,+11.602,+0.938
1765762320,+3.42, +3.383,+11.605,+0.938
1765762920,+3.42, +3.640,+11.449,+0.939
1765763520,+3.42, +3.465,+11.522,+0.938
1765764120,+3.42, +3.486,+11.509,+0.937
1765764720,+3.42, +3.548,+11.466,+0.937
1765765320,+3.42, +3.589,+11.404,+0.938
1765765920,+3.42, +3.589,+11.450,+0.938
1765766520,+3.42, +3.496,+11.459,+0.938
1765767120,+3.42, +3.414,+11.512,+0.938
1765767720,+3.42, +3.331,+11.569,+0.938
1765768320,+3.42, +3.352,+11.519,+0.937
1765768920,+3.42, +3.362,+11.522,+0.937
1765769520,+3.42, +3.414,+11.512,+0.938
1765770120,+3.42, +3.465,+11.471,+0.938
1765770720,+3.42, +3.517,+11.420,+0.938
1765771320,+3.42, +3.414,+11.495,+0.938
1765771920,+3.42, +3.342,+11.486,+0.937
1765772520,+3.42, +3.197,+11.510,+0.937
1765773120,+3.42, +3.135,+11.547,+0.937
1765773720,+3.42, +3.228,+11.491,+0.937
1765774320,+3.42, +3.300,+11.467,+0.937
1765774920,+3.42, +3.280,+11.483,+0.938
1765775520,+3.42, +3.331,+11.434,+0.937
1765776120,+3.42, +3.342,+11.457,+0.938
1765776720,+3.42, +3.290,+11.459,+0.938
1765777320,+3.42, +3.187,+11.511,+0.938
1765777920,+3.42, +3.052,+11.558,+0.937
1765778520,+3.42, +3.249,+11.506,+0.938
1765779120,+3.42, +3.321,+11.485,+0.938
1765779720,+3.42, +3.269,+11.461,+0.937
1765780320,+3.42, +3.259,+11.462,+0.937
1765780920,+3.42, +3.228,+11.463,+0.937
1765781520,+3.42, +3.135,+11.510,+0.938
1765782120,+3.42, +3.238,+11.459,+0.937
1765782720,+3.42, +3.145,+11.505,+0.938
1765783320,+3.42, +3.176,+11.443,+0.937
1765783920,+3.42, +3.166,+11.473,+0.937
1765784520,+3.42, +3.145,+11.467,+0.937
1765785120,+3.42, +3.083,+11.475,+0.937
1765785720,+3.42, +3.124,+11.462,+0.937
1765786320,+3.42, +2.937,+11.539,+0.937
1765786920,+3.42, +2.906,+11.527,+0.937
1765787520,+3.42, +2.865,+11.556,+0.937
1765788120,+3.42, +2.854,+11.550,+0.937
1765788720,+3.42, +2.854,+11.548,+0.937
1765789320,+3.42, +2.865,+11.543,+0.937
1765789920,+3.43, +2.823,+11.522,+0.937
1765790520,+3.43, +2.750,+11.544,+0.937
1765791120,+3.43, +2.771,+11.538,+0.936
1765791720,+3.42, +2.802,+11.538,+0.937
1765792320,+3.42, +2.771,+11.548,+0.936
1765792920,+3.42, +2.833,+11.516,+0.937
1765793520,+3.42, +2.802,+11.529,+0.937
1765794120,+3.42, +2.781,+11.531,+0.937
1765794720,+3.43, +2.729,+11.556,+0.937
1765795320,+3.42, +2.666,+11.549,+0.936
1765795920,+3.42, +2.698,+11.548,+0.937
1765796520,+3.42, +2.698,+11.543,+0.937
1765797120,+3.43, +2.750,+11.506,+0.937
1765797720,+3.42, +2.729,+11.525,+0.937
1765798320,+3.42, +2.812,+11.493,+0.937
1765798920,+3.42, +2.729,+11.492,+0.937
1765799520,+3.43, +2.698,+11.490,+0.936
1765800120,+3.42, +2.635,+11.518,+0.936
1765800720,+3.42, +2.582,+11.544,+0.937
1765801320,+3.42, +2.603,+11.506,+0.936
1765801920,+3.42, +2.698,+11.483,+0.936
1765802520,+3.42, +2.708,+11.488,+0.936
1765803120,+3.42, +2.645,+11.470,+0.936
1765803720,+3.42, +2.530,+11.542,+0.936
1765804320,+3.42, +2.540,+11.542,+0.937
1765804920,+3.42, +2.561,+11.515,+0.936
1765805520,+3.42, +2.593,+11.525,+0.937
1765806120,+3.42, +2.561,+11.513,+0.936
1765806720,+3.42, +2.572,+11.497,+0.936
1765807320,+3.42, +2.582,+11.489,+0.936
1765807920,+3.42, +2.666,+11.447,+0.936
1765808520,+3.43, +2.666,+11.463,+0.936
1765809120,+3.42, +2.624,+11.494,+0.936
1765809720,+3.42, +2.603,+11.514,+0.937
1765810320,+3.42, +2.624,+11.473,+0.937
1765810920,+3.42, +2.593,+11.468,+0.937
1765811520,+3.42, +2.614,+11.506,+0.936
1765812120,+3.42, +2.603,+11.503,+0.936
1765812720,+3.42, +2.614,+11.453,+0.936
1765813320,+3.42, +2.656,+11.449,+0.936
1765813920,+3.42, +2.645,+11.444,+0.936
1765814520,+3.42, +2.645,+11.439,+0.936
1765815120,+3.42, +2.572,+11.495,+0.936
1765815720,+3.42, +2.572,+11.499,+0.936
1765816320,+3.42, +2.551,+11.518,+0.936
1765816920,+3.42, +2.551,+11.538,+0.936
1765817520,+3.42, +2.509,+11.609,+0.936
1765818120,+3.42, +2.477,+11.617,+0.936
1765818720,+3.42, +2.467,+11.641,+0.936
1765819320,+3.42, +2.488,+11.654,+0.936
1765819920,+3.42, +2.456,+11.665,+0.936
1765820520,+3.42, +2.477,+11.704,+0.936
1765821120,+3.42, +2.540,+11.686,+0.936
1765821720,+3.42, +2.509,+11.678,+0.936
1765822320,+3.42, +2.498,+11.720,+0.936
1765822920,+3.42, +2.530,+11.714,+0.936
1765823520,+3.42, +2.530,+11.712,+0.936
1765824120,+3.42, +2.530,+11.743,+0.936
1765824720,+3.42, +2.509,+11.745,+0.936
1765825320,+3.42, +2.561,+11.732,+0.936
1765825920,+3.42, +2.603,+11.705,+0.937
1765826520,+3.42, +2.603,+11.754,+0.936
1765827120,+3.42, +2.593,+11.754,+0.936
1765827720,+3.42, +2.614,+11.729,+0.936
1765828320,+3.42, +2.645,+11.737,+0.936
1765828920,+3.42, +2.624,+11.766,+0.936
1765829520,+3.42, +2.656,+11.774,+0.936
1765830120,+3.42, +2.666,+11.800,+0.936
1765830720,+3.42, +2.698,+11.767,+0.937
1765831320,+3.42, +2.687,+11.804,+0.936
1765831920,+3.42, +2.698,+11.798,+0.936
1765832520,+3.42, +2.781,+11.764,+0.936
1765833120,+3.42, +2.792,+11.678,+0.936
1765833720,+3.42, +2.802,+11.712,+0.936
