7450-055639
OS REV: 1.05 Sensor Cal: 1624981093
Time (sec),  BV (Volts),  T (deg C),  DO (mg/l),  Q ()
1764790320,+3.46, +6.122,+10.053,+0.942
1764790920,+3.46, +6.132,+10.067,+0.942
1764791520,+3.46, +6.152,+10.042,+0.942
1764792120,+3.46, +6.142,+10.049,+0.942
1764792720,+3.45, +6.132,+10.075,+0.942
1764793320,+3.45, +6.132,+10.090,+0.942
1764793920,+3.46, +6.122,+10.072,+0.942
1764794520,+3.46, +6.103,+10.076,+0.942
1764795120,+3.46, +6.113,+10.064,+0.942
1764795720,+3.46, +6.122,+10.054,+0.942
1764796320,+3.46, +6.093,+10.045,+0.942
1764796920,+3.45, +6.103,+10.020,+0.942
1764797520,+3.46, +6.113,+10.052,+0.942
1764798120,+3.46, +6.103,+10.048,+0.942
1764798720,+3.46, +6.093,+10.049,+0.942
1764799320,+3.46, +6.093,+10.046,+0.942
1764799920,+3.46, +6.103,+10.037,+0.942
1764800520,+3.46, +6.113,+10.022,+0.942
1764801120,+3.46, +6.113,+10.084,+0.942
1764801720,+3.45, +6.093,+10.125,+0.942
1764802320,+3.45, +6.103,+10.138,+0.942
1764802920,+3.45, +6.103,+10.148,+0.942
1764803520,+3.45, +6.122,+10.177,+0.942
1764804120,+3.45, +6.113,+10.159,+0.942
1764804720,+3.45, +6.103,+10.218,+0.942
1764805320,+3.45, +6.113,+10.241,+0.942
1764805920,+3.45, +6.103,+10.241,+0.942
1764806520,+3.45, +6.122,+10.246,+0.942
1764807120,+3.45, +6.122,+10.207,+0.942
1764807720,+3.45, +6.113,+10.228,+0.942
1764808320,+3.45, +6.113,+10.203,+0.942
1764808920,+3.45, +6.113,+10.200,+0.942
1764809520,+3.45, +6.093,+10.180,+0.942
1764810120,+3.45, +6.103,+10.179,+0.942
1764810720,+3.45, +6.103,+10.180,+0.942
1764811320,+3.45, +6.113,+10.186,+0.942
1764811920,+3.45, +6.113,+10.175,+0.942
1764812520,+3.45, +6.083,+10.200,+0.942
1764813120,+3.45, +6.103,+10.187,+0.942
1764813720,+3.45, +6.093,+10.170,+0.942
1764814320,+3.45, +6.083,+10.207,+0.941
1764814920,+3.45, +6.093,+10.231,+0.942
1764815520,+3.45, +6.103,+10.197,+0.942
1764816120,+3.45, +6.103,+10.179,+0.942
1764816720,+3.45, +6.103,+10.183,+0.942
1764817320,+3.45, +6.132,+10.167,+0.942
1764817920,+3.45, +6.103,+10.172,+0.942
1764818520,+3.45, +6.113,+10.126,+0.942
1764819120,+3.45, +6.103,+10.161,+0.942
1764819720,+3.45, +6.152,+10.095,+0.942
1764820320,+3.45, +6.113,+10.085,+0.942
1764820920,+3.45, +6.142,+10.109,+0.942
1764821520,+3.45, +6.171,+10.098,+0.942
1764822120,+3.45, +6.210,+10.105,+0.942
1764822720,+3.45, +6.210,+10.186,+0.942
1764823320,+3.45, +6.191,+10.278,+0.942
1764823920,+3.45, +6.191,+10.310,+0.942
1764824520,+3.45, +6.191,+10.309,+0.942
1764825120,+3.45, +6.191,+10.250,+0.942
1764825720,+3.45, +6.191,+10.290,+0.942
1764826320,+3.45, +6.181,+10.319,+0.942
1764826920,+3.45, +6.171,+10.305,+0.942
1764827520,+3.45, +6.171,+10.271,+0.941
1764828120,+3.45, +6.191,+10.277,+0.942
1764828720,+3.45, +6.181,+10.218,+0.942
1764829320,+3.45, +6.162,+10.149,+0.942
1764829920,+3.45, +6.152,+10.190,+0.942
1764830520,+3.45, +6.171,+10.177,+0.942
1764831120,+3.45, +6.171,+10.191,+0.942
1764831720,+3.45, +6.191,+10.138,+0.942
1764832320,+3.45, +6.142,+10.136,+0.942
1764832920,+3.45, +6.152,+10.100,+0.942
1764833520,+3.45, +6.142,+10.179,+0.942
1764834120,+3.45, +6.132,+10.163,+0.942
1764834720,+3.45, +6.093,+10.201,+0.942
1764835320,+3.45, +6.122,+10.173,+0.942
1764835920,+3.45, +6.093,+10.183,+0.942
1764836520,+3.45, +6.113,+10.204,+0.942
1764837120,+3.45, +6.122,+10.200,+0.942
1764837720,+3.45, +6.132,+10.170,+0.942
1764838320,+3.45, +6.122,+10.134,+0.941
1764838920,+3.45, +6.122,+10.158,+0.942
1764839520,+3.45, +6.132,+10.127,+0.942
1764840120,+3.45, +6.103,+10.082,+0.942
1764840720,+3.45, +6.074,+10.061,+0.942
1764841320,+3.45, +6.044,+10.084,+0.942
1764841920,+3.45, +6.044,+10.090,+0.942
1764842520,+3.45, +6.034,+10.048,+0.942
1764843120,+3.45, +6.054, +9.986,+0.942
1764843720,+3.45, +6.044,+10.059,+0.942
1764844320,+3.45, +6.074,+10.051,+0.942
1764844920,+3.45, +6.083,+10.068,+0.942
1764845520,+3.45, +6.034,+10.044,+0.942
1764846120,+3.45, +6.025,+10.036,+0.942
1764846720,+3.45, +5.985,+10.068,+0.942
1764847320,+3.45, +6.015,+10.055,+0.942
1764847920,+3.45, +6.015,+10.005,+0.942
1764848520,+3.45, +5.995,+10.002,+0.942
1764849120,+3.45, +6.005,+10.012,+0.942
1764849720,+3.45, +5.985,+10.039,+0.942
1764850320,+3.45, +6.005,+10.029,+0.942
1764850920,+3.45, +5.966,+10.055,+0.942
1764851520,+3.45, +5.976,+10.073,+0.942
1764852120,+3.45, +5.956,+10.054,+0.942
1764852720,+3.45, +5.956,+10.050,+0.942
1764853320,+3.45, +5.907,+10.049,+0.942
1764853920,+3.45, +5.907,+10.040,+0.942
1764854520,+3.45, +5.897,+10.006,+0.942
1764855120,+3.45, +5.887,+10.025,+0.942
1764855720,+3.45, +5.927,+10.036,+0.942
1764856320,+3.45, +5.907,+10.038,+0.942
1764856920,+3.45, +5.956,+10.087,+0.942
1764857520,+3.45, +5.976,+10.085,+0.942
1764858120,+3.45, +5.985,+10.118,+0.942
1764858720,+3.45, +5.927,+10.157,+0.942
1764859320,+3.45, +5.956,+10.154,+0.942
1764859920,+3.45, +5.966,+10.183,+0.942
1764860520,+3.45, +5.966,+10.168,+0.942
1764861120,+3.45, +5.966,+10.155,+0.942
1764861720,+3.45, +5.936,+10.185,+0.942
1764862320,+3.45, +5.936,+10.269,+0.942
1764862920,+3.45, +5.927,+10.307,+0.942
1764863520,+3.45, +5.907,+10.370,+0.941
1764864120,+3.45, +5.917,+10.397,+0.942
1764864720,+3.45, +5.927,+10.390,+0.942
1764865320,+3.45, +5.936,+10.447,+0.942
1764865920,+3.45, +5.956,+10.442,+0.941
1764866520,+3.45, +5.956,+10.428,+0.942
1764867120,+3.45, +5.936,+10.451,+0.942
1764867720,+3.45, +5.966,+10.412,+0.942
1764868320,+3.45, +5.976,+10.405,+0.942
1764868920,+3.45, +5.976,+10.353,+0.942
1764869520,+3.45, +5.956,+10.366,+0.942
1764870120,+3.45, +5.966,+10.369,+0.942
1764870720,+3.45, +5.995,+10.356,+0.942
1764871320,+3.45, +5.966,+10.335,+0.942
1764871920,+3.45, +5.976,+10.326,+0.942
1764872520,+3.45, +6.005,+10.320,+0.942
1764873120,+3.45, +6.005,+10.208,+0.941
1764873720,+3.45, +6.015,+10.215,+0.942
1764874320,+3.45, +5.995,+10.229,+0.942
1764874920,+3.45, +5.985,+10.246,+0.942
1764875520,+3.45, +6.015,+10.245,+0.942
1764876120,+3.45, +6.015,+10.197,+0.942
1764876720,+3.45, +6.005,+10.212,+0.942
