7450-055639
OS REV: 1.05 Sensor Cal: 1624981093
Time (sec),  BV (Volts),  T (deg C),  DO (mg/l),  Q ()
1765834320,+3.42, +2.750,+11.743,+0.936
1765834920,+3.42, +2.687,+11.823,+0.937
1765835520,+3.42, +2.677,+11.806,+0.936
1765836120,+3.42, +2.677,+11.809,+0.936
1765836720,+3.42, +2.656,+11.826,+0.936
1765837320,+3.42, +2.624,+11.818,+0.936
1765837920,+3.42, +2.656,+11.795,+0.936
1765838520,+3.42, +2.666,+11.780,+0.936
1765839120,+3.42, +2.666,+11.805,+0.936
1765839720,+3.42, +2.718,+11.742,+0.936
1765840320,+3.42, +2.656,+11.792,+0.937
1765840920,+3.42, +2.687,+11.774,+0.936
1765841520,+3.42, +2.687,+11.761,+0.936
1765842120,+3.42, +2.718,+11.768,+0.936
1765842720,+3.42, +2.698,+11.756,+0.936
1765843320,+3.42, +2.677,+11.778,+0.936
1765843920,+3.42, +2.677,+11.772,+0.936
1765844520,+3.42, +2.687,+11.750,+0.936
1765845120,+3.42, +2.677,+11.760,+0.936
1765845720,+3.42, +2.656,+11.764,+0.936
1765846320,+3.42, +2.687,+11.758,+0.936
1765846920,+3.42, +2.771,+11.787,+0.936
1765847520,+3.42, +2.833,+11.790,+0.936
1765848120,+3.42, +2.833,+11.792,+0.937
1765848720,+3.42, +2.812,+11.792,+0.937
1765849320,+3.42, +2.844,+11.757,+0.936
1765849920,+3.42, +2.812,+11.789,+0.936
1765850520,+3.42, +2.812,+11.791,+0.936
1765851120,+3.42, +2.812,+11.800,+0.936
1765851720,+3.42, +2.823,+11.782,+0.936
1765852320,+3.42, +2.833,+11.777,+0.936
1765852920,+3.42, +2.802,+11.796,+0.936
1765853520,+3.42, +2.792,+11.801,+0.936
1765854120,+3.42, +2.823,+11.774,+0.936
1765854720,+3.42, +2.823,+11.779,+0.936
1765855320,+3.42, +2.781,+11.781,+0.936
1765855920,+3.42, +2.792,+11.770,+0.936
1765856520,+3.42, +2.802,+11.767,+0.936
1765857120,+3.42, +2.802,+11.776,+0.936
1765857720,+3.42, +2.812,+11.778,+0.936
1765858320,+3.42, +2.802,+11.785,+0.936
1765858920,+3.42, +2.802,+11.772,+0.936
1765859520,+3.42, +2.802,+11.759,+0.936
1765860120,+3.42, +2.802,+11.741,+0.936
1765860720,+3.42, +2.823,+11.717,+0.936
1765861320,+3.42, +2.812,+11.726,+0.936
1765861920,+3.42, +2.865,+11.679,+0.936
1765862520,+3.42, +2.875,+11.636,+0.936
1765863120,+3.42, +2.865,+11.653,+0.936
1765863720,+3.42, +2.885,+11.647,+0.936
1765864320,+3.42, +2.875,+11.640,+0.936
1765864920,+3.42, +2.927,+11.631,+0.936
1765865520,+3.42, +2.927,+11.629,+0.937
1765866120,+3.42, +2.969,+11.547,+0.936
1765866720,+3.42, +2.969,+11.593,+0.936
1765867320,+3.42, +2.969,+11.588,+0.936
1765867920,+3.42, +2.958,+11.612,+0.936
1765868520,+3.42, +2.948,+11.592,+0.936
1765869120,+3.42, +2.948,+11.589,+0.936
1765869720,+3.42, +2.948,+11.616,+0.937
1765870320,+3.42, +2.937,+11.600,+0.936
1765870920,+3.42, +2.937,+11.577,+0.936
1765871520,+3.42, +2.948,+11.608,+0.936
1765872120,+3.42, +2.937,+11.594,+0.936
1765872720,+3.42, +2.948,+11.578,+0.936
1765873320,+3.42, +2.979,+11.604,+0.937
1765873920,+3.42, +2.958,+11.574,+0.937
1765874520,+3.42, +2.948,+11.579,+0.936
1765875120,+3.42, +2.958,+11.563,+0.936
1765875720,+3.42, +2.979,+11.548,+0.936
1765876320,+3.42, +2.969,+11.580,+0.936
1765876920,+3.42, +2.969,+11.542,+0.936
1765877520,+3.42, +2.969,+11.558,+0.936
1765878120,+3.42, +2.927,+11.577,+0.936
1765878720,+3.42, +2.948,+11.510,+0.936
1765879320,+3.42, +2.937,+11.521,+0.936
1765879920,+3.42, +2.927,+11.530,+0.936
1765880520,+3.42, +2.927,+11.528,+0.936
1765881120,+3.42, +2.906,+11.554,+0.936
1765881720,+3.42, +2.906,+11.546,+0.936
1765882320,+3.42, +2.875,+11.616,+0.936
1765882920,+3.42, +2.885,+11.574,+0.936
1765883520,+3.42, +2.854,+11.610,+0.936
1765884120,+3.42, +2.885,+11.615,+0.936
1765884720,+3.42, +2.896,+11.600,+0.936
1765885320,+3.42, +2.927,+11.537,+0.937
1765885920,+3.42, +2.948,+11.518,+0.937
1765886520,+3.42, +2.979,+11.463,+0.936
1765887120,+3.42, +2.989,+11.460,+0.937
1765887720,+3.42, +2.937,+11.464,+0.936
1765888320,+3.42, +2.937,+11.540,+0.936
1765888920,+3.42, +2.948,+11.511,+0.937
1765889520,+3.42, +2.948,+11.535,+0.936
1765890120,+3.42, +2.969,+11.523,+0.936
1765890720,+3.42, +2.969,+11.508,+0.936
1765891320,+3.42, +2.979,+11.487,+0.936
1765891920,+3.42, +2.989,+11.489,+0.936
1765892520,+3.42, +2.958,+11.505,+0.937
1765893120,+3.42, +3.000,+11.439,+0.936
1765893720,+3.42, +2.948,+11.431,+0.936
1765894320,+3.42, +2.937,+11.420,+0.936
1765894920,+3.42, +2.927,+11.445,+0.936
1765895520,+3.42, +2.927,+11.472,+0.936
1765896120,+3.42, +2.917,+11.471,+0.936
1765896720,+3.42, +2.906,+11.457,+0.936
1765897320,+3.42, +2.896,+11.504,+0.937
1765897920,+3.42, +2.917,+11.488,+0.936
1765898520,+3.42, +2.885,+11.488,+0.936
1765899120,+3.42, +2.885,+11.511,+0.936
1765899720,+3.42, +2.865,+11.520,+0.936
1765900320,+3.42, +2.896,+11.520,+0.936
1765900920,+3.42, +2.896,+11.526,+0.936
1765901520,+3.42, +2.948,+11.535,+0.937
1765902120,+3.42, +2.948,+11.524,+0.936
1765902720,+3.42, +2.958,+11.488,+0.936
1765903320,+3.42, +2.979,+11.452,+0.936
1765903920,+3.42, +2.979,+11.431,+0.936
1765904520,+3.42, +2.958,+11.404,+0.936
1765905120,+3.42, +2.937,+11.394,+0.936
1765905720,+3.42, +2.969,+11.417,+0.936
1765906320,+3.42, +2.948,+11.434,+0.936
1765906920,+3.42, +2.937,+11.428,+0.936
1765907520,+3.42, +2.948,+11.418,+0.936
1765908120,+3.42, +2.948,+11.424,+0.936
1765908720,+3.42, +2.958,+11.415,+0.936
1765909320,+3.42, +2.937,+11.423,+0.936
1765909920,+3.42, +2.958,+11.381,+0.936
1765910520,+3.42, +2.937,+11.371,+0.936
1765911120,+3.42, +2.979,+11.354,+0.936
1765911720,+3.42, +2.979,+11.352,+0.936
1765912320,+3.42, +2.937,+11.406,+0.936
1765912920,+3.42, +2.948,+11.427,+0.936
1765913520,+3.42, +2.969,+11.456,+0.937
1765914120,+3.42, +2.958,+11.456,+0.936
1765914720,+3.42, +3.000,+11.396,+0.937
1765915320,+3.42, +3.021,+11.321,+0.937
1765915920,+3.42, +3.010,+11.320,+0.937
1765916520,+3.42, +3.021,+11.315,+0.936
1765917120,+3.42, +3.041,+11.293,+0.937
1765917720,+3.42, +3.000,+11.327,+0.936
1765918320,+3.42, +3.041,+11.322,+0.937
1765918920,+3.42, +3.093,+11.263,+0.936
1765919520,+3.42, +3.093,+11.193,+0.937
1765920120,+3.42, +3.083,+11.244,+0.936
1765920720,+3.42, +3.114,+11.274,+0.937
