7450-055639
OS REV: 1.05 Sensor Cal: 1624981093
Time (sec),  BV (Volts),  T (deg C),  DO (mg/l),  Q ()
1766182320,+3.42, +3.599,+11.828,+0.937
1766182920,+3.42, +3.609,+11.776,+0.937
1766183520,+3.42, +3.599,+11.793,+0.937
1766184120,+3.42, +3.568,+11.862,+0.937
1766184720,+3.42, +3.578,+11.821,+0.937
1766185320,+3.42, +3.548,+11.854,+0.937
1766185920,+3.42, +3.537,+11.840,+0.937
1766186520,+3.42, +3.558,+11.781,+0.937
1766187120,+3.42, +3.527,+11.807,+0.937
1766187720,+3.42, +3.527,+11.781,+0.937
1766188320,+3.42, +3.476,+11.809,+0.937
1766188920,+3.42, +3.393,+11.748,+0.937
1766189520,+3.42, +3.445,+11.742,+0.937
1766190120,+3.42, +3.434,+11.754,+0.937
1766190720,+3.42, +3.434,+11.768,+0.937
1766191320,+3.42, +3.568,+11.914,+0.937
1766191920,+3.42, +3.599,+11.971,+0.937
1766192520,+3.42, +3.599,+11.964,+0.937
1766193120,+3.42, +3.589,+11.959,+0.937
1766193720,+3.42, +3.578,+11.881,+0.937
1766194320,+3.42, +3.578,+11.895,+0.937
1766194920,+3.42, +3.578,+11.827,+0.937
1766195520,+3.42, +3.599,+11.821,+0.937
1766196120,+3.42, +3.455,+11.764,+0.937
1766196720,+3.42, +3.404,+11.703,+0.937
1766197320,+3.42, +3.362,+11.787,+0.937
1766197920,+3.42, +3.352,+11.761,+0.937
1766198520,+3.42, +3.342,+11.802,+0.937
1766199120,+3.42, +3.362,+11.760,+0.937
1766199720,+3.42, +3.362,+11.694,+0.937
1766200320,+3.42, +3.362,+11.703,+0.937
1766200920,+3.42, +3.424,+11.781,+0.937
1766201520,+3.42, +3.434,+11.736,+0.937
1766202120,+3.42, +3.424,+11.690,+0.937
1766202720,+3.42, +3.434,+11.701,+0.937
1766203320,+3.42, +3.476,+11.708,+0.937
1766203920,+3.42, +3.465,+11.699,+0.937
1766204520,+3.42, +3.496,+11.647,+0.937
1766205120,+3.42, +3.496,+11.532,+0.937
1766205720,+3.42, +3.476,+11.577,+0.937
1766206320,+3.42, +3.455,+11.607,+0.937
1766206920,+3.42, +3.414,+11.644,+0.937
1766207520,+3.42, +3.445,+11.602,+0.937
1766208120,+3.42, +3.455,+11.542,+0.937
1766208720,+3.42, +3.455,+11.520,+0.937
1766209320,+3.42, +3.486,+11.561,+0.937
1766209920,+3.42, +3.486,+11.546,+0.937
1766210520,+3.42, +3.507,+11.531,+0.937
1766211120,+3.42, +3.527,+11.430,+0.937
1766211720,+3.42, +3.537,+11.407,+0.937
1766212320,+3.42, +3.496,+11.490,+0.937
1766212920,+3.42, +3.445,+11.402,+0.937
1766213520,+3.42, +3.455,+11.413,+0.937
1766214120,+3.42, +3.455,+11.405,+0.937
1766214720,+3.42, +3.393,+11.618,+0.937
1766215320,+3.42, +3.393,+11.631,+0.937
1766215920,+3.42, +3.424,+11.553,+0.937
1766216520,+3.42, +3.352,+11.708,+0.937
1766217120,+3.42, +3.321,+11.568,+0.937
1766217720,+3.42, +3.249,+11.761,+0.937
1766218320,+3.42, +3.280,+11.736,+0.937
1766218920,+3.42, +3.269,+11.756,+0.936
1766219520,+3.42, +3.249,+11.808,+0.937
1766220120,+3.42, +3.280,+11.792,+0.937
1766220720,+3.42, +3.259,+11.803,+0.936
1766221320,+3.42, +3.259,+11.753,+0.937
1766221920,+3.42, +3.373,+11.501,+0.937
1766222520,+3.42, +3.383,+11.450,+0.937
1766223120,+3.42, +3.362,+11.532,+0.937
1766223720,+3.42, +3.455,+11.375,+0.937
1766224320,+3.42, +3.465,+11.342,+0.937
1766224920,+3.42, +3.414,+11.377,+0.937
1766225520,+3.42, +3.373,+11.419,+0.937
1766226120,+3.42, +3.404,+11.452,+0.937
1766226720,+3.42, +3.404,+11.446,+0.937
1766227320,+3.42, +3.424,+11.409,+0.937
1766227920,+3.42, +3.445,+11.369,+0.937
1766228520,+3.42, +3.414,+11.419,+0.937
1766229120,+3.42, +3.414,+11.454,+0.936
1766229720,+3.42, +3.404,+11.462,+0.937
1766230320,+3.42, +3.393,+11.478,+0.937
1766230920,+3.42, +3.404,+11.465,+0.937
1766231520,+3.42, +3.362,+11.422,+0.937
1766232120,+3.42, +3.342,+11.475,+0.937
1766232720,+3.42, +3.352,+11.461,+0.936
1766233320,+3.42, +3.362,+11.468,+0.937
1766233920,+3.42, +3.331,+11.633,+0.937
1766234520,+3.42, +3.342,+11.616,+0.937
1766235120,+3.42, +3.290,+11.699,+0.936
1766235720,+3.42, +3.269,+11.726,+0.937
1766236320,+3.42, +3.269,+11.718,+0.937
1766236920,+3.42, +3.300,+11.658,+0.936
1766237520,+3.42, +3.300,+11.678,+0.937
1766238120,+3.42, +3.290,+11.693,+0.937
1766238720,+3.42, +3.300,+11.674,+0.937
1766239320,+3.42, +3.290,+11.707,+0.937
1766239920,+3.42, +3.300,+11.710,+0.937
1766240520,+3.42, +3.311,+11.658,+0.937
1766241120,+3.42, +3.311,+11.648,+0.936
1766241720,+3.42, +3.300,+11.701,+0.937
1766242320,+3.42, +3.331,+11.688,+0.937
1766242920,+3.42, +3.290,+11.701,+0.937
1766243520,+3.42, +3.290,+11.706,+0.937
1766244120,+3.42, +3.290,+11.709,+0.937
1766244720,+3.42, +3.280,+11.716,+0.937
1766245320,+3.42, +3.300,+11.683,+0.937
1766245920,+3.42, +3.342,+11.698,+0.937
1766246520,+3.42, +3.321,+11.685,+0.937
1766247120,+3.42, +3.300,+11.678,+0.937
1766247720,+3.42, +3.311,+11.676,+0.937
1766248320,+3.42, +3.280,+11.672,+0.937
1766248920,+3.42, +3.311,+11.672,+0.937
1766249520,+3.42, +3.300,+11.681,+0.937
1766250120,+3.42, +3.311,+11.669,+0.937
1766250720,+3.42, +3.280,+11.660,+0.937
1766251320,+3.42, +3.342,+11.675,+0.937
1766251920,+3.42, +3.290,+11.795,+0.937
1766252520,+3.42, +3.290,+11.913,+0.937
1766253120,+3.42, +3.311,+11.898,+0.937
1766253720,+3.42, +3.321,+11.872,+0.937
1766254320,+3.42, +3.290,+11.898,+0.937
1766254920,+3.42, +3.300,+11.895,+0.937
1766255520,+3.42, +3.352,+11.819,+0.937
1766256120,+3.42, +3.331,+11.852,+0.937
1766256720,+3.42, +3.383,+11.717,+0.937
1766257320,+3.42, +3.373,+11.735,+0.937
1766257920,+3.42, +3.383,+11.873,+0.937
1766258520,+3.42, +3.373,+11.899,+0.937
1766259120,+3.42, +3.362,+11.942,+0.937
1766259720,+3.42, +3.362,+11.992,+0.937
1766260320,+3.42, +3.404,+11.803,+0.937
1766260920,+3.42, +3.373,+11.883,+0.937
1766261520,+3.42, +3.383,+11.858,+0.937
1766262120,+3.42, +3.362,+11.787,+0.937
1766262720,+3.42, +3.404,+11.738,+0.937
1766263320,+3.42, +3.362,+11.776,+0.937
1766263920,+3.42, +3.393,+11.779,+0.936
1766264520,+3.42, +3.393,+11.846,+0.937
1766265120,+3.42, +3.424,+11.775,+0.937
1766265720,+3.42, +3.424,+11.813,+0.937
1766266320,+3.42, +3.404,+11.885,+0.937
1766266920,+3.42, +3.424,+11.905,+0.937
1766267520,+3.42, +3.393,+11.912,+0.937
1766268120,+3.42, +3.414,+11.912,+0.937
1766268720,+3.42, +3.445,+11.855,+0.937
