7450-055639
OS REV: 1.05 Sensor Cal: 1624981093
Time (sec),  BV (Volts),  T (deg C),  DO (mg/l),  Q ()
1765573320,+3.43, +4.079,+11.118,+0.939
1765573920,+3.43, +4.100,+11.082,+0.939
1765574520,+3.43, +4.059,+10.865,+0.939
1765575120,+3.43, +4.069,+10.887,+0.939
1765575720,+3.43, +4.069,+10.906,+0.939
1765576320,+3.43, +4.130,+10.973,+0.939
1765576920,+3.43, +4.110,+11.053,+0.939
1765577520,+3.43, +4.089,+11.131,+0.939
1765578120,+3.43, +4.059,+11.142,+0.939
1765578720,+3.43, +4.079,+11.144,+0.939
1765579320,+3.43, +4.110,+11.148,+0.939
1765579920,+3.43, +4.110,+11.124,+0.938
1765580520,+3.43, +4.110,+11.100,+0.939
1765581120,+3.43, +4.089,+11.084,+0.939
1765581720,+3.43, +4.079,+11.093,+0.939
1765582320,+3.43, +4.089,+11.113,+0.938
1765582920,+3.43, +4.079,+11.123,+0.939
1765583520,+3.43, +4.089,+11.122,+0.939
1765584120,+3.43, +4.110,+11.107,+0.939
1765584720,+3.43, +4.130,+11.100,+0.939
1765585320,+3.43, +4.150,+11.081,+0.939
1765585920,+3.43, +4.161,+11.050,+0.939
1765586520,+3.43, +4.120,+11.027,+0.939
1765587120,+3.43, +4.130,+10.974,+0.939
1765587720,+3.43, +4.120,+10.928,+0.939
1765588320,+3.43, +4.161,+10.948,+0.939
1765588920,+3.43, +4.181,+10.517,+0.939
1765589520,+3.43, +4.130,+10.671,+0.940
1765590120,+3.43, +4.100,+10.729,+0.939
1765590720,+3.43, +4.130,+10.827,+0.939
1765591320,+3.43, +4.232,+10.841,+0.939
1765591920,+3.43, +4.272,+10.840,+0.939
1765592520,+3.43, +4.282,+10.844,+0.939
1765593120,+3.43, +4.292,+10.785,+0.939
1765593720,+3.43, +4.262,+10.708,+0.939
1765594320,+3.43, +4.282,+10.622,+0.939
1765594920,+3.43, +4.282,+10.570,+0.939
1765595520,+3.43, +4.282,+10.537,+0.939
1765596120,+3.43, +4.262,+10.227,+0.939
1765596720,+3.43, +4.242,+10.303,+0.939
1765597320,+3.43, +4.282,+10.361,+0.939
1765597920,+3.43, +4.302,+10.367,+0.939
1765598520,+3.42, +4.333,+10.352,+0.939
1765599120,+3.43, +4.343,+10.265,+0.939
1765599720,+3.43, +4.282,+10.298,+0.939
1765600320,+3.43, +4.242,+10.270,+0.939
1765600920,+3.43, +4.252,+10.291,+0.939
1765601520,+3.43, +4.242,+10.336,+0.940
1765602120,+3.43, +4.282,+10.299,+0.939
1765602720,+3.43, +4.262,+10.451,+0.939
1765603320,+3.43, +4.292, +9.998,+0.939
1765603920,+3.43, +4.292,+10.034,+0.939
1765604520,+3.43, +4.313,+10.312,+0.939
1765605120,+3.43, +4.343,+10.400,+0.940
1765605720,+3.43, +4.333,+10.453,+0.939
1765606320,+3.43, +4.323,+10.429,+0.940
1765606920,+3.43, +4.292,+10.365,+0.939
1765607520,+3.43, +4.302,+10.315,+0.939
1765608120,+3.43, +4.292,+10.362,+0.939
1765608720,+3.43, +4.282,+10.525,+0.939
1765609320,+3.43, +4.221,+10.533,+0.939
1765609920,+3.43, +4.181,+10.513,+0.939
1765610520,+3.43, +4.181,+10.483,+0.939
1765611120,+3.43, +4.161,+10.575,+0.939
1765611720,+3.43, +4.191,+10.722,+0.939
1765612320,+3.43, +4.069,+11.149,+0.939
1765612920,+3.43, +4.039,+11.182,+0.939
1765613520,+3.43, +4.049,+11.136,+0.939
1765614120,+3.43, +4.039,+11.188,+0.939
1765614720,+3.43, +4.059,+11.149,+0.938
1765615320,+3.43, +4.120,+11.123,+0.939
1765615920,+3.43, +4.161,+11.098,+0.939
1765616520,+3.43, +4.161,+11.073,+0.939
1765617120,+3.43, +4.171,+11.055,+0.939
1765617720,+3.43, +4.181,+11.012,+0.939
1765618320,+3.43, +4.232,+11.022,+0.939
1765618920,+3.43, +4.242,+11.005,+0.939
1765619520,+3.43, +4.242,+10.895,+0.939
1765620120,+3.43, +4.242,+10.809,+0.939
1765620720,+3.43, +4.232,+10.803,+0.939
1765621320,+3.43, +4.232,+10.804,+0.939
1765621920,+3.43, +4.221,+10.731,+0.939
1765622520,+3.43, +4.232,+10.735,+0.939
1765623120,+3.43, +4.221,+10.719,+0.939
1765623720,+3.43, +4.221,+10.782,+0.939
1765624320,+3.43, +4.191,+10.836,+0.939
1765624920,+3.43, +4.211,+10.433,+0.939
1765625520,+3.43, +4.211,+10.413,+0.939
1765626120,+3.43, +4.201,+10.518,+0.940
1765626720,+3.43, +4.232,+10.562,+0.939
1765627320,+3.43, +4.211,+10.687,+0.939
1765627920,+3.43, +4.181,+10.732,+0.939
1765628520,+3.43, +4.171,+10.708,+0.939
1765629120,+3.43, +4.161,+10.667,+0.939
1765629720,+3.43, +4.201,+10.411,+0.939
1765630320,+3.43, +4.120,+10.636,+0.939
1765630920,+3.43, +4.130,+10.840,+0.939
1765631520,+3.43, +4.161,+10.425,+0.939
1765632120,+3.43, +4.069,+10.742,+0.939
1765632720,+3.43, +4.110,+10.581,+0.939
1765633320,+3.43, +4.130,+10.551,+0.939
1765633920,+3.43, +4.100,+10.770,+0.939
1765634520,+3.43, +4.049,+10.815,+0.939
1765635120,+3.43, +3.957,+10.846,+0.939
1765635720,+3.42, +3.722,+11.092,+0.939
1765636320,+3.42, +3.630,+11.139,+0.938
1765636920,+3.42, +3.630,+11.177,+0.938
1765637520,+3.42, +3.671,+11.131,+0.938
1765638120,+3.42, +3.691,+11.194,+0.938
1765638720,+3.42, +3.702,+11.243,+0.938
1765639320,+3.42, +3.732,+11.238,+0.938
1765639920,+3.42, +3.773,+11.218,+0.939
1765640520,+3.42, +3.783,+11.215,+0.938
1765641120,+3.42, +3.804,+11.229,+0.938
1765641720,+3.42, +3.794,+11.233,+0.938
1765642320,+3.42, +3.804,+11.220,+0.939
1765642920,+3.42, +3.814,+11.197,+0.939
1765643520,+3.42, +3.855,+11.211,+0.938
1765644120,+3.42, +3.845,+11.230,+0.939
1765644720,+3.42, +3.814,+11.237,+0.938
1765645320,+3.42, +3.763,+11.252,+0.938
1765645920,+3.42, +3.814,+11.276,+0.938
1765646520,+3.42, +3.773,+11.282,+0.938
1765647120,+3.42, +3.855,+11.237,+0.938
1765647720,+3.42, +3.845,+11.224,+0.939
1765648320,+3.42, +3.814,+11.290,+0.939
1765648920,+3.42, +3.835,+11.286,+0.938
1765649520,+3.42, +3.865,+11.281,+0.938
1765650120,+3.42, +3.865,+11.295,+0.939
1765650720,+3.42, +3.855,+11.308,+0.938
1765651320,+3.42, +3.835,+11.330,+0.939
1765651920,+3.42, +3.824,+11.330,+0.938
1765652520,+3.42, +3.865,+11.304,+0.938
1765653120,+3.42, +3.896,+11.243,+0.939
1765653720,+3.42, +3.875,+11.093,+0.938
1765654320,+3.42, +3.835,+11.307,+0.939
1765654920,+3.42, +3.886,+11.426,+0.939
1765655520,+3.42, +3.886,+11.377,+0.938
1765656120,+3.42, +3.906,+11.372,+0.938
1765656720,+3.42, +3.896,+11.361,+0.938
1765657320,+3.42, +3.937,+11.368,+0.938
1765657920,+3.42, +3.926,+11.371,+0.938
1765658520,+3.42, +3.947,+11.350,+0.939
1765659120,+3.42, +3.906,+11.411,+0.939
1765659720,+3.42, +3.926,+11.384,+0.938
