7450-055639
OS REV: 1.05 Sensor Cal: 1624981093
Time (sec),  BV (Volts),  T (deg C),  DO (mg/l),  Q ()
1764877320,+3.45, +6.005,+10.200,+0.942
1764877920,+3.45, +6.015,+10.219,+0.942
1764878520,+3.45, +5.985,+10.242,+0.942
1764879120,+3.45, +6.005,+10.224,+0.942
1764879720,+3.45, +5.976,+10.313,+0.942
1764880320,+3.45, +5.995,+10.280,+0.942
1764880920,+3.45, +5.966,+10.280,+0.942
1764881520,+3.45, +5.995,+10.221,+0.942
1764882120,+3.45, +6.034,+10.217,+0.942
1764882720,+3.45, +6.005,+10.182,+0.942
1764883320,+3.45, +6.015,+10.289,+0.942
1764883920,+3.45, +6.034,+10.350,+0.942
1764884520,+3.45, +6.025,+10.273,+0.942
1764885120,+3.45, +6.034,+10.286,+0.942
1764885720,+3.45, +6.025,+10.326,+0.942
1764886320,+3.45, +6.034,+10.272,+0.941
1764886920,+3.45, +6.034,+10.270,+0.942
1764887520,+3.45, +6.054,+10.302,+0.942
1764888120,+3.45, +6.034,+10.373,+0.942
1764888720,+3.45, +6.074,+10.355,+0.942
1764889320,+3.45, +6.054,+10.256,+0.942
1764889920,+3.45, +6.044,+10.332,+0.942
1764890520,+3.45, +6.044,+10.340,+0.942
1764891120,+3.45, +6.015,+10.637,+0.942
1764891720,+3.45, +5.966,+10.806,+0.942
1764892320,+3.45, +5.956,+10.857,+0.942
1764892920,+3.45, +5.966,+10.846,+0.942
1764893520,+3.45, +5.985,+10.802,+0.942
1764894120,+3.45, +5.956,+10.754,+0.942
1764894720,+3.45, +5.946,+10.733,+0.942
1764895320,+3.45, +5.976,+10.623,+0.941
1764895920,+3.45, +5.946,+10.705,+0.942
1764896520,+3.45, +5.936,+10.685,+0.941
1764897120,+3.45, +5.936,+10.723,+0.942
1764897720,+3.45, +5.927,+10.720,+0.941
1764898320,+3.45, +5.936,+10.694,+0.942
1764898920,+3.45, +5.917,+10.671,+0.942
1764899520,+3.45, +5.927,+10.642,+0.942
1764900120,+3.45, +5.917,+10.632,+0.942
1764900720,+3.45, +5.936,+10.600,+0.942
1764901320,+3.45, +5.917,+10.580,+0.942
1764901920,+3.45, +5.946,+10.504,+0.942
1764902520,+3.45, +5.956,+10.424,+0.942
1764903120,+3.45, +5.946,+10.424,+0.942
1764903720,+3.45, +5.946,+10.453,+0.942
1764904320,+3.45, +5.956,+10.444,+0.942
1764904920,+3.45, +5.966,+10.284,+0.942
1764905520,+3.45, +5.966,+10.338,+0.942
1764906120,+3.45, +5.927,+10.356,+0.942
1764906720,+3.45, +5.956,+10.339,+0.942
1764907320,+3.45, +5.946,+10.339,+0.942
1764907920,+3.45, +5.966,+10.373,+0.942
1764908520,+3.45, +5.946,+10.385,+0.942
1764909120,+3.45, +5.966,+10.376,+0.942
1764909720,+3.45, +5.927,+10.383,+0.942
1764910320,+3.45, +5.936,+10.356,+0.942
1764910920,+3.45, +5.936,+10.351,+0.942
1764911520,+3.45, +5.917,+10.366,+0.942
1764912120,+3.45, +5.917,+10.406,+0.942
1764912720,+3.45, +5.907,+10.577,+0.942
1764913320,+3.45, +5.897,+10.625,+0.942
1764913920,+3.45, +5.887,+10.613,+0.941
1764914520,+3.45, +5.897,+10.589,+0.941
1764915120,+3.45, +5.897,+10.594,+0.941
1764915720,+3.45, +5.927,+10.568,+0.942
1764916320,+3.45, +5.927,+10.503,+0.941
1764916920,+3.45, +5.897,+10.535,+0.941
1764917520,+3.45, +5.936,+10.389,+0.942
1764918120,+3.45, +5.897,+10.412,+0.942
1764918720,+3.45, +5.897,+10.422,+0.942
1764919320,+3.45, +5.858,+10.428,+0.941
1764919920,+3.45, +5.868,+10.447,+0.942
1764920520,+3.45, +5.848,+10.436,+0.942
1764921120,+3.45, +5.848,+10.420,+0.942
1764921720,+3.45, +5.848,+10.413,+0.941
1764922320,+3.45, +5.828,+10.403,+0.942
1764922920,+3.45, +5.838,+10.422,+0.942
1764923520,+3.45, +5.710,+10.319,+0.941
1764924120,+3.45, +5.720,+10.377,+0.942
1764924720,+3.45, +5.700,+10.318,+0.942
1764925320,+3.45, +5.730,+10.306,+0.942
1764925920,+3.45, +5.720,+10.294,+0.942
1764926520,+3.45, +5.710,+10.268,+0.942
1764927120,+3.45, +5.720,+10.173,+0.942
1764927720,+3.45, +5.720,+10.268,+0.942
1764928320,+3.45, +5.720,+10.302,+0.942
1764928920,+3.45, +5.710,+10.243,+0.941
1764929520,+3.45, +5.750,+10.293,+0.942
1764930120,+3.45, +5.631,+10.214,+0.942
1764930720,+3.45, +5.552,+10.175,+0.942
1764931320,+3.45, +5.592,+10.258,+0.941
1764931920,+3.45, +5.622,+10.252,+0.942
1764932520,+3.45, +5.592,+10.220,+0.941
1764933120,+3.45, +5.463,+10.161,+0.941
1764933720,+3.45, +5.444,+10.230,+0.941
1764934320,+3.45, +5.503,+10.303,+0.942
1764934920,+3.45, +5.513,+10.269,+0.941
1764935520,+3.45, +5.533,+10.255,+0.941
1764936120,+3.45, +5.572,+10.323,+0.942
1764936720,+3.45, +5.641,+10.307,+0.941
1764937320,+3.45, +5.612,+10.317,+0.941
1764937920,+3.45, +5.562,+10.363,+0.941
1764938520,+3.45, +5.572,+10.357,+0.942
1764939120,+3.45, +5.592,+10.358,+0.941
1764939720,+3.45, +5.523,+10.388,+0.941
1764940320,+3.45, +5.533,+10.384,+0.942
1764940920,+3.45, +5.572,+10.367,+0.942
1764941520,+3.45, +5.552,+10.366,+0.941
1764942120,+3.45, +5.543,+10.363,+0.941
1764942720,+3.45, +5.493,+10.393,+0.941
1764943320,+3.45, +5.483,+10.402,+0.941
1764943920,+3.45, +5.493,+10.397,+0.942
1764944520,+3.45, +5.513,+10.380,+0.941
1764945120,+3.45, +5.523,+10.381,+0.941
1764945720,+3.45, +5.523,+10.380,+0.941
1764946320,+3.45, +5.513,+10.381,+0.941
1764946920,+3.45, +5.533,+10.405,+0.942
1764947520,+3.45, +5.523,+10.421,+0.942
1764948120,+3.45, +5.543,+10.414,+0.941
1764948720,+3.45, +5.543,+10.411,+0.942
1764949320,+3.45, +5.552,+10.365,+0.941
1764949920,+3.45, +5.552,+10.382,+0.941
1764950520,+3.45, +5.543,+10.373,+0.941
1764951120,+3.45, +5.543,+10.371,+0.941
1764951720,+3.45, +5.533,+10.356,+0.941
1764952320,+3.45, +5.513,+10.381,+0.941
1764952920,+3.45, +5.533,+10.387,+0.941
1764953520,+3.45, +5.543,+10.376,+0.941
1764954120,+3.45, +5.533,+10.359,+0.941
1764954720,+3.45, +5.513,+10.389,+0.941
1764955320,+3.45, +5.513,+10.457,+0.941
1764955920,+3.45, +5.503,+10.485,+0.941
1764956520,+3.45, +5.513,+10.469,+0.941
1764957120,+3.45, +5.523,+10.474,+0.941
1764957720,+3.45, +5.513,+10.472,+0.941
1764958320,+3.45, +5.493,+10.509,+0.941
1764958920,+3.45, +5.503,+10.527,+0.942
1764959520,+3.45, +5.493,+10.535,+0.942
1764960120,+3.45, +5.483,+10.551,+0.942
1764960720,+3.45, +5.483,+10.563,+0.941
1764961320,+3.45, +5.513,+10.560,+0.941
1764961920,+3.45, +5.513,+10.538,+0.941
1764962520,+3.45, +5.533,+10.537,+0.941
1764963120,+3.45, +5.513,+10.525,+0.941
1764963720,+3.45, +5.483,+10.584,+0.941
