7450-055639
OS REV: 1.05 Sensor Cal: 1624981093
Time (sec),  BV (Volts),  T (deg C),  DO (mg/l),  Q ()
1766704320,+3.43, +4.232,+11.450,+0.938
1766704920,+3.43, +4.201,+11.414,+0.938
1766705520,+3.43, +4.211,+11.415,+0.938
1766706120,+3.43, +4.211,+11.469,+0.938
1766706720,+3.43, +4.211,+11.482,+0.938
1766707320,+3.43, +4.221,+11.539,+0.938
1766707920,+3.43, +4.232,+11.534,+0.938
1766708520,+3.43, +4.221,+11.537,+0.938
1766709120,+3.43, +4.242,+11.537,+0.938
1766709720,+3.43, +4.221,+11.531,+0.938
1766710320,+3.43, +4.232,+11.547,+0.938
1766710920,+3.43, +4.211,+11.595,+0.938
1766711520,+3.43, +4.221,+11.584,+0.938
1766712120,+3.43, +4.242,+11.302,+0.938
1766712720,+3.43, +4.201,+11.195,+0.938
1766713320,+3.43, +4.242,+11.177,+0.938
1766713920,+3.43, +4.232,+11.160,+0.938
1766714520,+3.43, +4.242,+11.057,+0.938
1766715120,+3.43, +4.242,+11.048,+0.938
1766715720,+3.43, +4.221,+11.082,+0.938
1766716320,+3.43, +4.232,+11.142,+0.938
1766716920,+3.43, +4.242,+11.191,+0.938
1766717520,+3.43, +4.252,+11.212,+0.938
1766718120,+3.43, +4.313,+11.198,+0.938
1766718720,+3.43, +4.292,+11.230,+0.938
1766719320,+3.43, +4.313,+11.022,+0.938
1766719920,+3.43, +4.323,+10.849,+0.938
1766720520,+3.43, +4.292,+10.704,+0.938
1766721120,+3.43, +4.323,+10.595,+0.938
1766721720,+3.43, +4.302,+10.419,+0.938
1766722320,+3.43, +4.292,+10.571,+0.939
1766722920,+3.43, +4.323,+10.663,+0.938
1766723520,+3.43, +4.323,+10.679,+0.938
1766724120,+3.43, +4.313,+10.662,+0.938
1766724720,+3.43, +4.323,+10.695,+0.938
1766725320,+3.43, +4.282,+10.765,+0.938
1766725920,+3.43, +4.292,+10.859,+0.938
1766726520,+3.43, +4.262,+11.009,+0.938
1766727120,+3.43, +4.272,+11.102,+0.938
1766727720,+3.43, +4.343,+11.011,+0.938
1766728320,+3.43, +4.353,+10.788,+0.938
1766728920,+3.43, +4.393,+10.205,+0.939
1766729520,+3.43, +4.363,+10.459,+0.938
1766730120,+3.43, +4.333,+10.436,+0.938
1766730720,+3.43, +4.363,+10.605,+0.938
1766731320,+3.43, +4.353,+10.583,+0.939
1766731920,+3.43, +4.363,+10.483,+0.939
1766732520,+3.43, +4.323,+10.550,+0.938
1766733120,+3.43, +4.292,+10.596,+0.938
1766733720,+3.43, +4.302,+10.316,+0.938
1766734320,+3.43, +4.302,+10.713,+0.938
1766734920,+3.43, +4.323,+11.061,+0.938
1766735520,+3.43, +4.353,+11.079,+0.938
1766736120,+3.43, +4.333,+10.905,+0.938
1766736720,+3.43, +4.333,+10.653,+0.938
1766737320,+3.43, +4.302,+10.498,+0.939
1766737920,+3.43, +4.333,+10.539,+0.938
1766738520,+3.43, +4.302,+10.559,+0.938
1766739120,+3.43, +4.302,+10.495,+0.938
1766739720,+3.43, +4.302,+10.390,+0.938
1766740320,+3.43, +4.323,+10.435,+0.938
1766740920,+3.43, +4.292,+10.888,+0.938
1766741520,+3.43, +4.313,+11.137,+0.939
1766742120,+3.43, +4.262,+11.014,+0.938
1766742720,+3.43, +4.232,+11.267,+0.938
1766743320,+3.43, +4.292,+11.221,+0.938
1766743920,+3.43, +4.292,+11.249,+0.938
1766744520,+3.43, +4.282,+11.277,+0.939
1766745120,+3.43, +4.262,+11.305,+0.938
1766745720,+3.43, +4.252,+11.212,+0.938
1766746320,+3.43, +4.272,+11.180,+0.938
1766746920,+3.43, +4.242,+11.169,+0.938
1766747520,+3.43, +4.252,+11.281,+0.938
1766748120,+3.43, +4.262,+11.281,+0.938
1766748720,+3.43, +4.272,+11.172,+0.938
1766749320,+3.43, +4.262,+11.072,+0.938
1766749920,+3.43, +4.232,+11.132,+0.938
1766750520,+3.43, +4.262,+11.138,+0.938
1766751120,+3.43, +4.262,+10.968,+0.938
1766751720,+3.43, +4.302,+10.775,+0.938
1766752320,+3.43, +4.292,+10.584,+0.938
1766752920,+3.43, +4.313,+10.344,+0.939
1766753520,+3.43, +4.313,+10.129,+0.938
1766754120,+3.43, +4.292,+10.251,+0.938
1766754720,+3.43, +4.282,+10.310,+0.938
1766755320,+3.43, +4.262,+10.165,+0.939
1766755920,+3.43, +4.252,+10.325,+0.938
1766756520,+3.43, +4.272,+10.627,+0.939
1766757120,+3.43, +4.262,+10.849,+0.938
1766757720,+3.43, +4.252,+10.972,+0.938
1766758320,+3.43, +4.242,+11.028,+0.938
1766758920,+3.43, +4.232,+11.089,+0.938
1766759520,+3.43, +4.252,+11.038,+0.938
1766760120,+3.43, +4.272,+10.911,+0.938
1766760720,+3.43, +4.272,+10.929,+0.938
1766761320,+3.43, +4.272,+10.887,+0.938
1766761920,+3.43, +4.282,+10.797,+0.938
1766762520,+3.43, +4.262,+10.830,+0.938
1766763120,+3.43, +4.242,+10.919,+0.938
1766763720,+3.43, +4.252,+11.182,+0.938
1766764320,+3.43, +4.252,+11.174,+0.938
1766764920,+3.43, +4.232,+11.283,+0.938
1766765520,+3.43, +4.232,+11.344,+0.938
1766766120,+3.43, +4.242,+11.342,+0.938
1766766720,+3.43, +4.252,+11.308,+0.938
1766767320,+3.43, +4.262,+11.219,+0.938
1766767920,+3.43, +4.262,+11.235,+0.938
1766768520,+3.43, +4.232,+11.344,+0.938
1766769120,+3.43, +4.232,+11.443,+0.938
1766769720,+3.43, +4.232,+11.433,+0.938
1766770320,+3.43, +4.252,+11.324,+0.938
1766770920,+3.43, +4.232,+11.425,+0.938
1766771520,+3.43, +4.262,+11.420,+0.938
1766772120,+3.43, +4.232,+11.443,+0.938
1766772720,+3.43, +4.232,+11.428,+0.938
1766773320,+3.43, +4.232,+11.418,+0.938
1766773920,+3.43, +4.262,+11.368,+0.938
1766774520,+3.43, +4.282,+11.366,+0.938
1766775120,+3.43, +4.282,+11.364,+0.938
1766775720,+3.43, +4.302,+11.364,+0.938
1766776320,+3.43, +4.302,+11.363,+0.938
1766776920,+3.43, +4.302,+11.313,+0.938
1766777520,+3.43, +4.323,+11.330,+0.938
1766778120,+3.43, +4.323,+11.274,+0.938
1766778720,+3.43, +4.292,+11.230,+0.938
1766779320,+3.43, +4.313,+11.204,+0.939
1766779920,+3.43, +4.313,+11.143,+0.939
1766780520,+3.43, +4.302,+11.117,+0.938
1766781120,+3.43, +4.343,+11.118,+0.938
1766781720,+3.43, +4.343,+11.024,+0.938
1766782320,+3.43, +4.323,+11.293,+0.938
1766782920,+3.43, +4.313,+11.374,+0.938
1766783520,+3.43, +4.323,+11.379,+0.939
1766784120,+3.43, +4.333,+11.379,+0.938
1766784720,+3.43, +4.323,+11.337,+0.937
1766785320,+3.43, +4.302,+11.337,+0.938
1766785920,+3.43, +4.323,+11.310,+0.938
1766786520,+3.43, +4.353,+11.241,+0.938
1766787120,+3.43, +4.353,+11.292,+0.938
1766787720,+3.43, +4.343,+11.327,+0.938
1766788320,+3.43, +4.363,+11.367,+0.938
1766788920,+3.43, +4.383,+11.316,+0.938
1766789520,+3.43, +4.343,+11.225,+0.938
1766790120,+3.43, +4.313,+11.172,+0.938
1766790720,+3.43, +4.343,+11.138,+0.938
