7450-055639
OS REV: 1.05 Sensor Cal: 1624981093
Time (sec),  BV (Volts),  T (deg C),  DO (mg/l),  Q ()
1765051320,+3.44, +5.265,+10.316,+0.941
1765051920,+3.44, +5.245,+10.346,+0.941
1765052520,+3.44, +5.245,+10.379,+0.941
1765053120,+3.44, +5.206,+10.409,+0.941
1765053720,+3.44, +5.225,+10.405,+0.941
1765054320,+3.44, +5.255,+10.417,+0.941
1765054920,+3.44, +5.215,+10.404,+0.941
1765055520,+3.43, +5.146,+10.403,+0.941
1765056120,+3.43, +5.156,+10.384,+0.941
1765056720,+3.43, +5.136,+10.371,+0.941
1765057320,+3.43, +5.116,+10.405,+0.941
1765057920,+3.43, +5.116,+10.410,+0.941
1765058520,+3.43, +5.086,+10.406,+0.941
1765059120,+3.43, +5.076,+10.410,+0.941
1765059720,+3.43, +5.056,+10.496,+0.940
1765060320,+3.43, +5.046,+10.538,+0.941
1765060920,+3.43, +5.026,+10.552,+0.941
1765061520,+3.43, +5.026,+10.562,+0.941
1765062120,+3.43, +5.066,+10.547,+0.941
1765062720,+3.43, +5.056,+10.576,+0.941
1765063320,+3.43, +5.036,+10.580,+0.941
1765063920,+3.43, +5.036,+10.554,+0.941
1765064520,+3.43, +5.036,+10.570,+0.941
1765065120,+3.43, +5.046,+10.562,+0.940
1765065720,+3.43, +5.046,+10.583,+0.941
1765066320,+3.43, +5.046,+10.573,+0.941
1765066920,+3.43, +5.026,+10.579,+0.940
1765067520,+3.43, +4.986,+10.601,+0.941
1765068120,+3.43, +4.956,+10.557,+0.941
1765068720,+3.43, +4.936,+10.535,+0.941
1765069320,+3.43, +4.976,+10.511,+0.941
1765069920,+3.43, +4.926,+10.519,+0.941
1765070520,+3.43, +4.936,+10.521,+0.940
1765071120,+3.43, +4.926,+10.551,+0.941
1765071720,+3.43, +4.926,+10.528,+0.941
1765072320,+3.43, +4.916,+10.577,+0.940
1765072920,+3.43, +4.896,+10.590,+0.940
1765073520,+3.43, +4.896,+10.597,+0.940
1765074120,+3.43, +4.896,+10.601,+0.941
1765074720,+3.43, +4.916,+10.607,+0.941
1765075320,+3.43, +4.916,+10.564,+0.940
1765075920,+3.43, +4.926,+10.604,+0.941
1765076520,+3.43, +4.956,+10.531,+0.941
1765077120,+3.43, +4.926,+10.565,+0.940
1765077720,+3.43, +4.906,+10.619,+0.941
1765078320,+3.43, +4.916,+10.630,+0.940
1765078920,+3.43, +4.916,+10.655,+0.941
1765079520,+3.43, +4.936,+10.631,+0.940
1765080120,+3.43, +4.926,+10.627,+0.941
1765080720,+3.43, +4.906,+10.645,+0.941
1765081320,+3.43, +4.916,+10.646,+0.941
1765081920,+3.43, +4.926,+10.652,+0.941
1765082520,+3.43, +4.936,+10.636,+0.940
1765083120,+3.43, +4.926,+10.643,+0.940
1765083720,+3.43, +4.916,+10.666,+0.941
1765084320,+3.43, +4.916,+10.637,+0.940
1765084920,+3.43, +4.926,+10.647,+0.940
1765085520,+3.43, +4.936,+10.656,+0.941
1765086120,+3.43, +4.926,+10.657,+0.941
1765086720,+3.43, +4.946,+10.638,+0.941
1765087320,+3.43, +4.926,+10.639,+0.941
1765087920,+3.43, +4.976,+10.599,+0.941
1765088520,+3.43, +4.966,+10.610,+0.941
1765089120,+3.43, +4.986,+10.612,+0.940
1765089720,+3.43, +5.006,+10.610,+0.940
1765090320,+3.43, +4.976,+10.612,+0.940
1765090920,+3.43, +4.976,+10.584,+0.941
1765091520,+3.43, +4.986,+10.600,+0.941
1765092120,+3.43, +5.006,+10.558,+0.941
1765092720,+3.43, +5.006,+10.551,+0.940
1765093320,+3.43, +4.986,+10.584,+0.941
1765093920,+3.43, +4.986,+10.583,+0.941
1765094520,+3.43, +4.966,+10.605,+0.940
1765095120,+3.43, +5.036,+10.579,+0.941
1765095720,+3.43, +5.036,+10.534,+0.940
1765096320,+3.43, +5.046,+10.537,+0.941
1765096920,+3.43, +5.086,+10.521,+0.941
1765097520,+3.43, +5.086,+10.512,+0.941
1765098120,+3.43, +5.036,+10.429,+0.941
1765098720,+3.43, +5.016,+10.479,+0.941
1765099320,+3.43, +5.026,+10.510,+0.941
1765099920,+3.43, +5.046,+10.527,+0.941
1765100520,+3.43, +5.036,+10.533,+0.941
1765101120,+3.43, +5.056,+10.515,+0.941
1765101720,+3.43, +5.046,+10.491,+0.940
1765102320,+3.43, +4.996,+10.522,+0.940
1765102920,+3.43, +4.996,+10.509,+0.941
1765103520,+3.43, +4.976,+10.510,+0.941
1765104120,+3.43, +4.996,+10.495,+0.941
1765104720,+3.43, +4.986,+10.517,+0.941
1765105320,+3.43, +5.036,+10.446,+0.941
1765105920,+3.43, +5.066,+10.268,+0.941
1765106520,+3.43, +5.056,+10.274,+0.940
1765107120,+3.43, +5.076,+10.291,+0.941
1765107720,+3.43, +5.096,+10.378,+0.940
1765108320,+3.43, +5.086,+10.488,+0.941
1765108920,+3.43, +5.086,+10.485,+0.940
1765109520,+3.43, +5.126,+10.467,+0.941
1765110120,+3.43, +5.076,+10.495,+0.941
1765110720,+3.43, +5.076,+10.492,+0.941
1765111320,+3.43, +5.086,+10.485,+0.941
1765111920,+3.43, +5.076,+10.497,+0.941
1765112520,+3.43, +5.066,+10.510,+0.941
1765113120,+3.43, +5.076,+10.488,+0.940
1765113720,+3.43, +5.056,+10.500,+0.941
1765114320,+3.43, +5.076,+10.497,+0.941
1765114920,+3.43, +5.036,+10.544,+0.941
1765115520,+3.43, +5.036,+10.524,+0.940
1765116120,+3.43, +5.046,+10.527,+0.941
1765116720,+3.43, +5.036,+10.526,+0.941
1765117320,+3.43, +5.056,+10.531,+0.940
1765117920,+3.43, +5.036,+10.540,+0.941
1765118520,+3.43, +5.056,+10.537,+0.941
1765119120,+3.43, +5.046,+10.537,+0.940
1765119720,+3.43, +5.056,+10.535,+0.941
1765120320,+3.43, +5.046,+10.544,+0.941
1765120920,+3.43, +5.046,+10.514,+0.940
1765121520,+3.43, +5.076,+10.508,+0.941
1765122120,+3.43, +5.056,+10.514,+0.941
1765122720,+3.43, +5.026,+10.516,+0.940
1765123320,+3.43, +5.036,+10.509,+0.941
1765123920,+3.43, +5.076,+10.443,+0.941
1765124520,+3.43, +5.046,+10.481,+0.941
1765125120,+3.43, +5.066,+10.507,+0.941
1765125720,+3.43, +5.076,+10.489,+0.941
1765126320,+3.43, +5.046,+10.576,+0.940
1765126920,+3.43, +5.006,+10.634,+0.941
1765127520,+3.43, +5.026,+10.588,+0.941
1765128120,+3.43, +5.016,+10.595,+0.941
1765128720,+3.43, +4.996,+10.572,+0.940
1765129320,+3.43, +4.966,+10.560,+0.941
1765129920,+3.43, +4.956,+10.553,+0.941
1765130520,+3.43, +4.896,+10.564,+0.941
1765131120,+3.43, +4.926,+10.584,+0.940
1765131720,+3.43, +4.866,+10.619,+0.941
1765132320,+3.43, +4.886,+10.606,+0.940
1765132920,+3.43, +4.876,+10.612,+0.940
1765133520,+3.43, +4.856,+10.640,+0.941
1765134120,+3.43, +4.836,+10.643,+0.940
1765134720,+3.43, +4.856,+10.675,+0.940
1765135320,+3.43, +4.866,+10.672,+0.941
1765135920,+3.43, +4.826,+10.669,+0.940
1765136520,+3.43, +4.826,+10.703,+0.940
1765137120,+3.43, +4.816,+10.718,+0.940
1765137720,+3.43, +4.816,+10.722,+0.940
