7450-055639
OS REV: 1.05 Sensor Cal: 1624981093
Time (sec),  BV (Volts),  T (deg C),  DO (mg/l),  Q ()
1768618320,+3.43, +3.691,+10.544,+0.938
1768618920,+3.43, +3.743,+10.483,+0.938
1768619520,+3.43, +3.722,+10.483,+0.938
1768620120,+3.43, +3.702,+10.524,+0.938
1768620720,+3.43, +3.712,+10.530,+0.938
1768621320,+3.43, +3.712,+10.545,+0.938
1768621920,+3.43, +3.702,+10.523,+0.938
1768622520,+3.43, +3.712,+10.533,+0.938
1768623120,+3.43, +3.712,+10.526,+0.938
1768623720,+3.43, +3.661,+10.565,+0.938
1768624320,+3.43, +3.722,+10.535,+0.938
1768624920,+3.43, +3.712,+10.544,+0.938
1768625520,+3.43, +3.743,+10.541,+0.938
1768626120,+3.43, +3.743,+10.407,+0.938
1768626720,+3.43, +3.722,+10.411,+0.939
1768627320,+3.43, +3.753,+10.077,+0.938
1768627920,+3.43, +3.794,+10.023,+0.938
1768628520,+3.43, +3.824, +9.911,+0.939
1768629120,+3.43, +3.753, +9.879,+0.938
1768629720,+3.43, +3.712,+10.230,+0.938
1768630320,+3.43, +3.702,+10.429,+0.938
1768630920,+3.43, +3.732,+10.509,+0.938
1768631520,+3.43, +3.712,+10.525,+0.938
1768632120,+3.43, +3.743,+10.538,+0.938
1768632720,+3.43, +3.773,+10.454,+0.938
1768633320,+3.43, +3.763,+10.420,+0.938
1768633920,+3.43, +3.743,+10.402,+0.938
1768634520,+3.43, +3.763,+10.202,+0.938
1768635120,+3.43, +3.753,+10.229,+0.938
1768635720,+3.43, +3.702,+10.565,+0.938
1768636320,+3.43, +3.722,+10.625,+0.938
1768636920,+3.43, +3.671,+10.655,+0.938
1768637520,+3.43, +3.640,+10.641,+0.938
1768638120,+3.43, +3.630,+10.603,+0.938
1768638720,+3.43, +3.661,+10.562,+0.938
1768639320,+3.43, +3.671,+10.531,+0.938
1768639920,+3.43, +3.743,+10.461,+0.938
1768640520,+3.43, +3.783,+10.256,+0.938
1768641120,+3.43, +3.814, +9.973,+0.938
1768641720,+3.43, +3.824, +9.192,+0.939
1768642320,+3.43, +3.783, +9.073,+0.939
1768642920,+3.43, +3.783, +9.055,+0.939
1768643520,+3.43, +3.814, +8.977,+0.939
1768644120,+3.43, +3.835, +8.756,+0.939
1768644720,+3.43, +3.814, +8.604,+0.939
1768645320,+3.43, +3.835, +8.486,+0.939
1768645920,+3.43, +3.824, +8.411,+0.939
1768646520,+3.43, +3.814, +8.416,+0.939
1768647120,+3.43, +3.845, +8.605,+0.939
1768647720,+3.43, +3.855, +8.810,+0.939
1768648320,+3.43, +3.875, +8.838,+0.939
1768648920,+3.43, +3.886, +8.407,+0.939
1768649520,+3.43, +3.875, +8.364,+0.939
1768650120,+3.43, +3.896, +8.497,+0.939
1768650720,+3.43, +3.875, +8.646,+0.939
1768651320,+3.43, +3.896, +8.668,+0.939
1768651920,+3.43, +3.896, +8.647,+0.940
1768652520,+3.43, +3.926, +8.523,+0.939
1768653120,+3.43, +3.896, +8.351,+0.940
1768653720,+3.43, +3.886, +8.306,+0.940
1768654320,+3.43, +3.865, +8.205,+0.940
1768654920,+3.43, +3.824, +8.303,+0.940
1768655520,+3.43, +3.824, +8.612,+0.939
1768656120,+3.43, +3.865, +8.716,+0.939
1768656720,+3.43, +3.875, +8.430,+0.940
1768657320,+3.43, +3.865, +8.376,+0.939
1768657920,+3.43, +3.855, +8.563,+0.940
1768658520,+3.43, +3.855, +9.031,+0.939
1768659120,+3.43, +3.875, +9.162,+0.939
1768659720,+3.43, +3.794, +9.172,+0.939
1768660320,+3.43, +3.743, +9.439,+0.939
1768660920,+3.43, +3.743, +9.721,+0.938
1768661520,+3.43, +3.783, +9.933,+0.938
1768662120,+3.43, +3.824, +9.938,+0.938
1768662720,+3.43, +3.804, +9.844,+0.938
1768663320,+3.43, +3.794, +9.590,+0.939
1768663920,+3.43, +3.794, +9.710,+0.939
1768664520,+3.43, +3.794, +9.774,+0.938
1768665120,+3.43, +3.783, +9.827,+0.938
1768665720,+3.43, +3.783, +9.850,+0.938
1768666320,+3.43, +3.743, +9.974,+0.938
1768666920,+3.43, +3.732,+10.117,+0.938
1768667520,+3.43, +3.732,+10.225,+0.938
1768668120,+3.43, +3.743,+10.243,+0.938
1768668720,+3.43, +3.743,+10.262,+0.938
1768669320,+3.43, +3.743,+10.287,+0.938
1768669920,+3.43, +3.732,+10.328,+0.938
1768670520,+3.43, +3.732,+10.220,+0.938
1768671120,+3.43, +3.743,+10.239,+0.938
1768671720,+3.43, +3.794,+10.006,+0.938
1768672320,+3.43, +3.722,+10.166,+0.938
1768672920,+3.43, +3.773,+10.043,+0.938
1768673520,+3.43, +3.568,+10.301,+0.938
1768674120,+3.43, +3.424,+10.575,+0.937
1768674720,+3.43, +3.455,+10.561,+0.938
1768675320,+3.43, +3.558,+10.363,+0.938
1768675920,+3.43, +3.702,+10.160,+0.938
1768676520,+3.43, +3.773, +9.658,+0.939
1768677120,+3.43, +3.783, +9.674,+0.939
1768677720,+3.43, +3.743,+10.008,+0.938
1768678320,+3.43, +3.763,+10.097,+0.938
1768678920,+3.43, +3.753,+10.146,+0.938
1768679520,+3.43, +3.763,+10.149,+0.938
1768680120,+3.43, +3.753,+10.115,+0.938
1768680720,+3.43, +3.753,+10.158,+0.938
1768681320,+3.43, +3.702,+10.270,+0.938
1768681920,+3.43, +3.517,+10.773,+0.937
1768682520,+3.43, +3.496,+10.742,+0.938
1768683120,+3.43, +3.486,+10.738,+0.938
1768683720,+3.43, +3.486,+10.673,+0.938
1768684320,+3.43, +3.455,+10.761,+0.938
1768684920,+3.43, +3.537,+10.708,+0.938
1768685520,+3.43, +3.599,+10.620,+0.938
1768686120,+3.43, +3.578,+10.636,+0.937
1768686720,+3.43, +3.568,+10.652,+0.938
1768687320,+3.43, +3.578,+10.608,+0.938
1768687920,+3.43, +3.609,+10.592,+0.938
1768688520,+3.43, +3.620,+10.575,+0.938
1768689120,+3.43, +3.640,+10.538,+0.938
1768689720,+3.43, +3.640,+10.515,+0.938
1768690320,+3.43, +3.640,+10.489,+0.938
1768690920,+3.43, +3.650,+10.425,+0.938
1768691520,+3.43, +3.650,+10.449,+0.938
1768692120,+3.43, +3.671,+10.274,+0.938
1768692720,+3.43, +3.661,+10.352,+0.938
1768693320,+3.43, +3.640,+10.411,+0.938
1768693920,+3.43, +3.620,+10.444,+0.938
1768694520,+3.43, +3.620,+10.473,+0.938
1768695120,+3.43, +3.630,+10.497,+0.938
1768695720,+3.43, +3.661,+10.484,+0.938
1768696320,+3.43, +3.661,+10.477,+0.938
1768696920,+3.43, +3.661,+10.415,+0.938
1768697520,+3.43, +3.681,+10.369,+0.938
1768698120,+3.43, +3.702,+10.409,+0.939
1768698720,+3.43, +3.712,+10.419,+0.938
1768699320,+3.43, +3.702,+10.028,+0.939
1768699920,+3.43, +3.712,+10.007,+0.938
1768700520,+3.43, +3.732, +9.818,+0.939
1768701120,+3.43, +3.681, +9.664,+0.938
1768701720,+3.43, +3.702, +9.523,+0.938
1768702320,+3.43, +3.702, +9.404,+0.938
1768702920,+3.43, +3.712, +9.287,+0.939
1768703520,+3.43, +3.712, +9.207,+0.938
1768704120,+3.43, +3.702, +9.194,+0.939
1768704720,+3.43, +3.722, +9.173,+0.939
