7450-055639
OS REV: 1.05 Sensor Cal: 1624981093
Time (sec),  BV (Volts),  T (deg C),  DO (mg/l),  Q ()
1768879320,+3.43, +3.331,+10.102,+0.937
1768879920,+3.43, +3.300,+10.183,+0.937
1768880520,+3.43, +3.331,+10.222,+0.937
1768881120,+3.43, +3.373,+10.167,+0.938
1768881720,+3.43, +3.362,+10.122,+0.937
1768882320,+3.43, +3.362,+10.098,+0.937
1768882920,+3.43, +3.300,+10.173,+0.937
1768883520,+3.43, +3.300,+10.079,+0.937
1768884120,+3.43, +3.249,+10.366,+0.937
1768884720,+3.43, +3.259,+10.294,+0.937
1768885320,+3.43, +3.342,+10.226,+0.937
1768885920,+3.43, +3.373,+10.098,+0.937
1768886520,+3.43, +3.352,+10.176,+0.938
1768887120,+3.43, +3.342,+10.254,+0.937
1768887720,+3.43, +3.331,+10.243,+0.937
1768888320,+3.43, +3.300,+10.235,+0.937
1768888920,+3.43, +3.331,+10.334,+0.937
1768889520,+3.43, +3.373,+10.351,+0.938
1768890120,+3.43, +3.362,+10.361,+0.937
1768890720,+3.43, +3.383,+10.370,+0.937
1768891320,+3.43, +3.383,+10.361,+0.937
1768891920,+3.43, +3.373,+10.386,+0.937
1768892520,+3.43, +3.383,+10.375,+0.938
1768893120,+3.43, +3.393,+10.363,+0.937
1768893720,+3.43, +3.404,+10.391,+0.938
1768894320,+3.43, +3.383,+10.348,+0.937
1768894920,+3.43, +3.362,+10.282,+0.938
1768895520,+3.43, +3.383,+10.286,+0.937
1768896120,+3.43, +3.393,+10.201,+0.938
1768896720,+3.43, +3.393, +9.597,+0.938
1768897320,+3.43, +3.404, +9.756,+0.938
1768897920,+3.43, +3.342,+10.016,+0.937
1768898520,+3.43, +3.290,+10.016,+0.937
1768899120,+3.43, +3.259,+10.051,+0.937
1768899720,+3.43, +3.249,+10.192,+0.937
1768900320,+3.43, +3.249,+10.132,+0.937
1768900920,+3.43, +3.311,+10.076,+0.937
1768901520,+3.43, +3.383, +9.851,+0.937
1768902120,+3.43, +3.424, +9.331,+0.938
1768902720,+3.43, +3.383, +9.372,+0.938
1768903320,+3.43, +3.342, +9.860,+0.937
1768903920,+3.43, +3.342,+10.164,+0.937
1768904520,+3.43, +3.373,+10.042,+0.937
1768905120,+3.43, +3.352,+10.115,+0.937
1768905720,+3.43, +3.393, +9.956,+0.937
1768906320,+3.43, +3.373, +9.811,+0.938
1768906920,+3.43, +3.424, +9.616,+0.937
1768907520,+3.43, +3.373, +9.734,+0.938
1768908120,+3.43, +3.362, +9.818,+0.938
1768908720,+3.43, +3.352, +9.687,+0.938
1768909320,+3.43, +3.434, +9.837,+0.938
1768909920,+3.43, +3.424, +9.771,+0.938
1768910520,+3.43, +3.445, +9.934,+0.938
1768911120,+3.43, +3.465, +9.932,+0.938
1768911720,+3.43, +3.465, +9.844,+0.938
1768912320,+3.43, +3.496, +9.831,+0.938
1768912920,+3.43, +3.465, +9.751,+0.937
1768913520,+3.43, +3.476, +9.675,+0.938
1768914120,+3.43, +3.465, +9.273,+0.938
1768914720,+3.43, +3.455, +9.602,+0.938
1768915320,+3.43, +3.486, +9.461,+0.938
1768915920,+3.43, +3.445, +9.561,+0.938
1768916520,+3.43, +3.455, +9.637,+0.937
1768917120,+3.43, +3.476, +9.786,+0.937
1768917720,+3.43, +3.455, +9.969,+0.938
1768918320,+3.43, +3.434, +9.994,+0.938
1768918920,+3.43, +3.455, +9.959,+0.938
1768919520,+3.43, +3.434, +9.970,+0.938
1768920120,+3.43, +3.455, +9.854,+0.938
1768920720,+3.43, +3.434, +9.804,+0.938
1768921320,+3.43, +3.414, +9.847,+0.938
1768921920,+3.43, +3.414, +9.927,+0.938
1768922520,+3.43, +3.424,+10.097,+0.938
1768923120,+3.43, +3.414,+10.177,+0.938
1768923720,+3.43, +3.393,+10.180,+0.937
1768924320,+3.43, +3.383,+10.250,+0.937
1768924920,+3.43, +3.342,+10.377,+0.937
1768925520,+3.43, +3.352,+10.346,+0.938
1768926120,+3.43, +3.373,+10.281,+0.937
1768926720,+3.43, +3.373,+10.333,+0.938
1768927320,+3.43, +3.352,+10.338,+0.937
1768927920,+3.43, +3.362,+10.270,+0.937
1768928520,+3.43, +3.352,+10.340,+0.937
1768929120,+3.43, +3.383,+10.275,+0.937
1768929720,+3.43, +3.342,+10.252,+0.937
1768930320,+3.43, +3.362,+10.269,+0.938
1768930920,+3.43, +3.373,+10.306,+0.937
1768931520,+3.43, +3.383,+10.298,+0.938
1768932120,+3.43, +3.393,+10.143,+0.937
1768932720,+3.43, +3.331,+10.124,+0.937
1768933320,+3.43, +3.321,+10.193,+0.937
1768933920,+3.43, +3.352,+10.179,+0.937
1768934520,+3.43, +3.342,+10.106,+0.938
1768935120,+3.43, +3.404, +9.890,+0.937
1768935720,+3.43, +3.434, +9.698,+0.938
1768936320,+3.43, +3.414, +9.607,+0.938
1768936920,+3.43, +3.352, +9.854,+0.937
1768937520,+3.43, +3.393,+10.027,+0.938
1768938120,+3.43, +3.424,+10.053,+0.938
1768938720,+3.43, +3.404,+10.126,+0.938
1768939320,+3.43, +3.414,+10.107,+0.937
1768939920,+3.43, +3.424,+10.068,+0.938
1768940520,+3.43, +3.455,+10.071,+0.937
1768941120,+3.43, +3.445, +9.984,+0.938
1768941720,+3.43, +3.434,+10.003,+0.937
1768942320,+3.43, +3.424,+10.047,+0.938
1768942920,+3.43, +3.434,+10.116,+0.937
1768943520,+3.43, +3.424,+10.136,+0.938
1768944120,+3.43, +3.434, +9.927,+0.938
1768944720,+3.43, +3.424,+10.052,+0.938
1768945320,+3.43, +3.445, +9.988,+0.938
1768945920,+3.43, +3.434, +9.988,+0.937
1768946520,+3.43, +3.434, +9.990,+0.938
1768947120,+3.43, +3.445, +9.949,+0.938
1768947720,+3.43, +3.455, +9.958,+0.938
1768948320,+3.43, +3.476, +9.835,+0.938
1768948920,+3.43, +3.465, +9.863,+0.938
1768949520,+3.43, +3.496, +9.476,+0.938
1768950120,+3.43, +3.476, +9.463,+0.938
1768950720,+3.43, +3.455, +9.564,+0.938
1768951320,+3.43, +3.393,+10.117,+0.938
1768951920,+3.43, +3.352,+10.117,+0.938
1768952520,+3.43, +3.290,+10.219,+0.938
1768953120,+3.43, +3.331,+10.159,+0.938
1768953720,+3.43, +3.311,+10.144,+0.937
1768954320,+3.43, +3.269,+10.172,+0.937
1768954920,+3.43, +3.238,+10.233,+0.937
1768955520,+3.43, +3.269,+10.221,+0.938
1768956120,+3.43, +3.290,+10.177,+0.937
1768956720,+3.43, +3.269,+10.180,+0.937
1768957320,+3.43, +3.259,+10.158,+0.937
1768957920,+3.43, +3.311,+10.163,+0.937
1768958520,+3.43, +3.280,+10.215,+0.937
1768959120,+3.43, +3.290,+10.216,+0.938
1768959720,+3.43, +3.311,+10.208,+0.937
1768960320,+3.43, +3.290,+10.182,+0.938
1768960920,+3.43, +3.290,+10.152,+0.937
1768961520,+3.43, +3.290,+10.172,+0.937
1768962120,+3.43, +3.280,+10.185,+0.937
1768962720,+3.43, +3.238,+10.182,+0.937
1768963320,+3.43, +3.249,+10.225,+0.937
1768963920,+3.43, +3.238,+10.206,+0.937
1768964520,+3.43, +3.249,+10.184,+0.937
1768965120,+3.43, +3.218,+10.191,+0.937
1768965720,+3.43, +3.249,+10.247,+0.937
