7450-055639
OS REV: 1.05 Sensor Cal: 1624981093
Time (sec),  BV (Volts),  T (deg C),  DO (mg/l),  Q ()
1769227320,+3.43, +3.507,+10.531,+0.938
1769227920,+3.43, +3.507,+10.528,+0.938
1769228520,+3.43, +3.507,+10.513,+0.938
1769229120,+3.43, +3.507,+10.512,+0.938
1769229720,+3.43, +3.527,+10.501,+0.938
1769230320,+3.43, +3.527,+10.493,+0.938
1769230920,+3.43, +3.507,+10.523,+0.938
1769231520,+3.43, +3.517,+10.491,+0.938
1769232120,+3.43, +3.537,+10.493,+0.938
1769232720,+3.43, +3.537,+10.526,+0.937
1769233320,+3.43, +3.517,+10.524,+0.938
1769233920,+3.43, +3.517,+10.507,+0.938
1769234520,+3.43, +3.527,+10.523,+0.938
1769235120,+3.43, +3.517,+10.524,+0.938
1769235720,+3.43, +3.548,+10.535,+0.938
1769236320,+3.43, +3.517,+10.572,+0.938
1769236920,+3.43, +3.517,+10.545,+0.937
1769237520,+3.43, +3.517,+10.530,+0.937
1769238120,+3.43, +3.527,+10.507,+0.938
1769238720,+3.43, +3.507,+10.453,+0.938
1769239320,+3.43, +3.548,+10.396,+0.937
1769239920,+3.43, +3.558,+10.379,+0.938
1769240520,+3.43, +3.527,+10.467,+0.938
1769241120,+3.43, +3.537,+10.525,+0.938
1769241720,+3.43, +3.548,+10.542,+0.938
1769242320,+3.43, +3.548,+10.526,+0.938
1769242920,+3.43, +3.537,+10.551,+0.938
1769243520,+3.43, +3.578,+10.485,+0.938
1769244120,+3.43, +3.548,+10.506,+0.938
1769244720,+3.43, +3.507,+10.565,+0.938
1769245320,+3.43, +3.527,+10.546,+0.938
1769245920,+3.43, +3.517,+10.559,+0.938
1769246520,+3.43, +3.517,+10.569,+0.937
1769247120,+3.43, +3.517,+10.556,+0.937
1769247720,+3.43, +3.537,+10.526,+0.937
1769248320,+3.43, +3.527,+10.554,+0.938
1769248920,+3.43, +3.537,+10.537,+0.938
1769249520,+3.43, +3.507,+10.543,+0.938
1769250120,+3.43, +3.507,+10.588,+0.938
1769250720,+3.43, +3.496,+10.550,+0.938
1769251320,+3.43, +3.517,+10.538,+0.937
1769251920,+3.43, +3.507,+10.516,+0.938
1769252520,+3.43, +3.517,+10.501,+0.937
1769253120,+3.43, +3.517,+10.483,+0.937
1769253720,+3.43, +3.486,+10.477,+0.938
1769254320,+3.43, +3.517,+10.439,+0.938
1769254920,+3.43, +3.517,+10.423,+0.938
1769255520,+3.43, +3.517,+10.381,+0.938
1769256120,+3.43, +3.496,+10.373,+0.938
1769256720,+3.43, +3.527,+10.354,+0.938
1769257320,+3.43, +3.507,+10.367,+0.937
1769257920,+3.43, +3.537,+10.353,+0.938
1769258520,+3.43, +3.568,+10.090,+0.938
1769259120,+3.43, +3.578, +9.996,+0.938
1769259720,+3.43, +3.548,+10.232,+0.938
1769260320,+3.43, +3.589,+10.031,+0.938
1769260920,+3.43, +3.548,+10.390,+0.938
1769261520,+3.43, +3.568,+10.300,+0.938
1769262120,+3.43, +3.599,+10.195,+0.938
1769262720,+3.43, +3.589,+10.257,+0.938
1769263320,+3.43, +3.589,+10.336,+0.938
1769263920,+3.43, +3.589,+10.328,+0.938
1769264520,+3.43, +3.630,+10.247,+0.938
1769265120,+3.43, +3.650,+10.342,+0.938
1769265720,+3.43, +3.630,+10.181,+0.938
1769266320,+3.43, +3.630,+10.325,+0.938
1769266920,+3.43, +3.640,+10.383,+0.938
1769267520,+3.43, +3.630,+10.476,+0.938
1769268120,+3.43, +3.630,+10.322,+0.938
1769268720,+3.43, +3.640,+10.197,+0.938
1769269320,+3.43, +3.640,+10.334,+0.938
1769269920,+3.43, +3.640,+10.422,+0.938
1769270520,+3.43, +3.630,+10.407,+0.938
1769271120,+3.43, +3.650,+10.519,+0.938
1769271720,+3.43, +3.671,+10.283,+0.938
1769272320,+3.43, +3.640,+10.501,+0.938
1769272920,+3.43, +3.650,+10.442,+0.938
1769273520,+3.43, +3.661,+10.606,+0.938
1769274120,+3.43, +3.640,+10.475,+0.938
1769274720,+3.43, +3.650,+10.292,+0.938
1769275320,+3.43, +3.681,+10.585,+0.938
1769275920,+3.43, +3.681,+10.589,+0.937
1769276520,+3.43, +3.671,+10.665,+0.938
1769277120,+3.43, +3.650,+10.721,+0.938
1769277720,+3.43, +3.640,+10.761,+0.938
1769278320,+3.43, +3.650,+10.823,+0.938
1769278920,+3.43, +3.650,+10.819,+0.938
1769279520,+3.43, +3.630,+10.800,+0.938
1769280120,+3.43, +3.640,+10.811,+0.938
1769280720,+3.43, +3.640,+10.757,+0.938
1769281320,+3.43, +3.630,+10.759,+0.938
1769281920,+3.43, +3.620,+10.779,+0.937
1769282520,+3.43, +3.620,+10.675,+0.937
1769283120,+3.43, +3.630,+10.811,+0.938
1769283720,+3.43, +3.609,+10.817,+0.937
1769284320,+3.43, +3.620,+10.416,+0.938
1769284920,+3.43, +3.620,+10.459,+0.938
1769285520,+3.43, +3.620,+10.350,+0.938
1769286120,+3.43, +3.640,+10.727,+0.938
1769286720,+3.43, +3.620,+10.744,+0.938
1769287320,+3.43, +3.640,+10.683,+0.938
1769287920,+3.43, +3.630,+10.742,+0.938
1769288520,+3.43, +3.599,+10.796,+0.937
1769289120,+3.43, +3.609,+10.737,+0.938
1769289720,+3.43, +3.578,+10.791,+0.937
1769290320,+3.43, +3.609,+10.855,+0.938
1769290920,+3.43, +3.620,+10.872,+0.938
1769291520,+3.43, +3.589,+10.825,+0.938
1769292120,+3.43, +3.599,+10.827,+0.937
1769292720,+3.43, +3.568,+10.806,+0.937
1769293320,+3.43, +3.578,+10.780,+0.938
1769293920,+3.43, +3.599,+10.843,+0.938
1769294520,+3.43, +3.599,+10.840,+0.938
1769295120,+3.43, +3.630,+10.838,+0.937
1769295720,+3.43, +3.620,+10.815,+0.937
1769296320,+3.43, +3.589,+10.859,+0.937
1769296920,+3.43, +3.589,+10.853,+0.938
1769297520,+3.43, +3.609,+10.828,+0.938
1769298120,+3.43, +3.599,+10.824,+0.938
1769298720,+3.43, +3.650,+10.806,+0.938
1769299320,+3.43, +3.640,+10.811,+0.938
1769299920,+3.43, +3.650,+10.810,+0.938
1769300520,+3.43, +3.661,+10.814,+0.937
1769301120,+3.43, +3.691,+10.824,+0.937
1769301720,+3.43, +3.691,+10.804,+0.937
1769302320,+3.43, +3.732,+10.649,+0.938
1769302920,+3.43, +3.753,+10.617,+0.938
1769303520,+3.43, +3.743,+10.741,+0.938
1769304120,+3.43, +3.743,+10.789,+0.937
1769304720,+3.43, +3.783,+10.800,+0.938
1769305320,+3.43, +3.814,+10.674,+0.938
1769305920,+3.43, +3.845,+10.413,+0.939
1769306520,+3.43, +3.835,+10.271,+0.938
1769307120,+3.43, +3.824,+10.291,+0.938
1769307720,+3.43, +3.804,+10.372,+0.938
1769308320,+3.43, +3.835,+10.435,+0.938
1769308920,+3.43, +3.845,+10.366,+0.938
1769309520,+3.43, +3.855,+10.309,+0.938
1769310120,+3.43, +3.875,+10.239,+0.938
1769310720,+3.43, +3.875,+10.161,+0.938
1769311320,+3.43, +3.875,+10.159,+0.938
1769311920,+3.43, +3.865,+10.273,+0.938
1769312520,+3.43, +3.845,+10.259,+0.938
1769313120,+3.43, +3.845,+10.199,+0.938
1769313720,+3.43, +3.845,+10.199,+0.938
