7450-055639
OS REV: 1.05 Sensor Cal: 1624981093
Time (sec),  BV (Volts),  T (deg C),  DO (mg/l),  Q ()
1771315320,+3.44, +4.605, +3.050,+0.942
1771315920,+3.44, +4.635, +3.025,+0.943
1771316520,+3.44, +4.595, +3.033,+0.943
1771317120,+3.44, +4.595, +3.040,+0.942
1771317720,+3.44, +4.605, +3.001,+0.942
1771318320,+3.44, +4.625, +2.955,+0.943
1771318920,+3.44, +4.615, +2.927,+0.942
1771319520,+3.44, +4.605, +2.915,+0.942
1771320120,+3.44, +4.595, +2.897,+0.942
1771320720,+3.44, +4.595, +3.045,+0.942
1771321320,+3.44, +4.585, +3.096,+0.942
1771321920,+3.44, +4.585, +3.091,+0.943
1771322520,+3.44, +4.595, +3.058,+0.942
1771323120,+3.44, +4.575, +3.035,+0.942
1771323720,+3.44, +4.615, +2.998,+0.942
1771324320,+3.44, +4.575, +3.009,+0.942
1771324920,+3.44, +4.615, +3.031,+0.943
1771325520,+3.44, +4.635, +3.068,+0.942
1771326120,+3.44, +4.615, +3.070,+0.943
1771326720,+3.44, +4.625, +3.029,+0.943
1771327320,+3.44, +4.645, +3.151,+0.942
1771327920,+3.44, +4.625, +3.229,+0.942
1771328520,+3.44, +4.635, +3.221,+0.943
1771329120,+3.44, +4.645, +3.162,+0.942
1771329720,+3.44, +4.656, +3.119,+0.943
1771330320,+3.44, +4.645, +3.078,+0.942
1771330920,+3.44, +4.615, +3.082,+0.943
1771331520,+3.44, +4.625, +3.141,+0.943
1771332120,+3.44, +4.625, +3.200,+0.942
1771332720,+3.44, +4.605, +3.243,+0.943
1771333320,+3.44, +4.625, +3.262,+0.943
1771333920,+3.44, +4.615, +3.241,+0.942
1771334520,+3.44, +4.645, +3.180,+0.942
1771335120,+3.44, +4.635, +3.208,+0.943
1771335720,+3.44, +4.645, +3.156,+0.943
1771336320,+3.44, +4.625, +3.077,+0.942
1771336920,+3.44, +4.645, +2.944,+0.942
1771337520,+3.44, +4.656, +2.986,+0.942
1771338120,+3.44, +4.645, +2.973,+0.942
1771338720,+3.44, +4.656, +2.954,+0.942
1771339320,+3.44, +4.645, +2.971,+0.942
1771339920,+3.44, +4.666, +2.934,+0.942
1771340520,+3.44, +4.666, +2.884,+0.942
1771341120,+3.44, +4.656, +2.932,+0.942
1771341720,+3.44, +4.656, +2.983,+0.942
1771342320,+3.44, +4.666, +3.015,+0.942
1771342920,+3.44, +4.656, +3.031,+0.942
1771343520,+3.44, +4.656, +3.010,+0.942
1771344120,+3.44, +4.645, +3.052,+0.942
1771344720,+3.44, +4.635, +3.025,+0.942
1771345320,+3.44, +4.656, +3.030,+0.942
1771345920,+3.44, +4.605, +3.071,+0.943
1771346520,+3.44, +4.605, +3.045,+0.943
1771347120,+3.44, +4.595, +3.001,+0.942
1771347720,+3.44, +4.605, +2.956,+0.942
1771348320,+3.44, +4.595, +2.943,+0.942
1771348920,+3.44, +4.585, +3.163,+0.943
1771349520,+3.44, +4.595, +3.195,+0.943
1771350120,+3.44, +4.615, +3.102,+0.943
1771350720,+3.44, +4.615, +2.999,+0.942
1771351320,+3.44, +4.605, +3.317,+0.943
1771351920,+3.44, +4.605, +3.308,+0.943
1771352520,+3.44, +4.585, +3.272,+0.942
1771353120,+3.44, +4.595, +3.388,+0.943
1771353720,+3.44, +4.585, +3.459,+0.943
1771354320,+3.44, +4.575, +3.378,+0.943
1771354920,+3.44, +4.605, +3.373,+0.943
1771355520,+3.44, +4.575, +3.313,+0.943
1771356120,+3.44, +4.585, +3.412,+0.942
1771356720,+3.44, +4.565, +3.490,+0.943
1771357320,+3.44, +4.565, +3.418,+0.943
1771357920,+3.44, +4.565, +3.401,+0.943
1771358520,+3.44, +4.565, +3.350,+0.943
1771359120,+3.44, +4.565, +3.336,+0.943
1771359720,+3.44, +4.595, +3.322,+0.943
1771360320,+3.44, +4.575, +3.339,+0.943
1771360920,+3.44, +4.585, +3.329,+0.942
1771361520,+3.44, +4.595, +3.351,+0.942
1771362120,+3.44, +4.565, +3.329,+0.942
1771362720,+3.44, +4.575, +3.302,+0.943
1771363320,+3.44, +4.585, +3.490,+0.943
1771363920,+3.44, +4.575, +3.539,+0.943
1771364520,+3.44, +4.545, +3.511,+0.942
1771365120,+3.44, +4.555, +3.454,+0.943
1771365720,+3.44, +4.535, +3.431,+0.943
1771366320,+3.44, +4.515, +3.425,+0.943
1771366920,+3.44, +4.535, +3.387,+0.943
1771367520,+3.44, +4.525, +3.392,+0.943
1771368120,+3.44, +4.525, +3.395,+0.943
1771368720,+3.44, +4.525, +3.530,+0.943
1771369320,+3.44, +4.555, +3.536,+0.943
1771369920,+3.44, +4.545, +3.445,+0.943
1771370520,+3.44, +4.565, +3.457,+0.943
1771371120,+3.44, +4.585, +3.415,+0.943
1771371720,+3.44, +4.555, +3.315,+0.943
1771372320,+3.44, +4.545, +3.214,+0.943
1771372920,+3.44, +4.535, +3.273,+0.943
1771373520,+3.44, +4.535, +3.331,+0.943
1771374120,+3.44, +4.565, +3.336,+0.942
1771374720,+3.44, +4.555, +3.344,+0.943
1771375320,+3.44, +4.565, +3.346,+0.943
1771375920,+3.44, +4.575, +3.351,+0.943
1771376520,+3.44, +4.575, +3.352,+0.942
1771377120,+3.44, +4.585, +3.344,+0.943
1771377720,+3.44, +4.605, +3.305,+0.943
1771378320,+3.44, +4.595, +3.273,+0.943
1771378920,+3.44, +4.555, +3.297,+0.943
1771379520,+3.44, +4.555, +3.341,+0.942
1771380120,+3.44, +4.555, +3.380,+0.943
1771380720,+3.44, +4.575, +3.441,+0.943
1771381320,+3.44, +4.585, +3.465,+0.943
1771381920,+3.44, +4.575, +3.467,+0.943
1771382520,+3.44, +4.565, +3.462,+0.943
1771383120,+3.44, +4.555, +3.521,+0.943
1771383720,+3.44, +4.565, +3.545,+0.943
1771384320,+3.44, +4.605, +3.540,+0.943
1771384920,+3.44, +4.585, +3.366,+0.942
1771385520,+3.44, +4.575, +3.397,+0.943
1771386120,+3.44, +4.565, +3.407,+0.943
1771386720,+3.44, +4.575, +3.426,+0.943
1771387320,+3.44, +4.555, +3.371,+0.943
1771387920,+3.44, +4.515, +3.508,+0.943
1771388520,+3.44, +4.565, +3.463,+0.943
1771389120,+3.44, +4.555, +3.462,+0.943
1771389720,+3.44, +4.545, +3.417,+0.943
1771390320,+3.44, +4.565, +3.320,+0.943
1771390920,+3.44, +4.535, +3.285,+0.943
1771391520,+3.44, +4.575, +3.365,+0.943
1771392120,+3.44, +4.565, +3.595,+0.943
1771392720,+3.44, +4.585, +3.666,+0.943
1771393320,+3.44, +4.605, +3.699,+0.943
1771393920,+3.44, +4.575, +3.670,+0.943
1771394520,+3.44, +4.605, +3.593,+0.943
1771395120,+3.44, +4.595, +3.522,+0.943
1771395720,+3.44, +4.575, +3.493,+0.943
1771396320,+3.44, +4.585, +3.463,+0.943
1771396920,+3.44, +4.575, +3.435,+0.943
1771397520,+3.44, +4.605, +3.420,+0.943
1771398120,+3.44, +4.605, +3.419,+0.942
1771398720,+3.44, +4.595, +3.417,+0.943
1771399320,+3.44, +4.595, +3.423,+0.943
1771399920,+3.44, +4.585, +3.480,+0.943
1771400520,+3.44, +4.585, +3.468,+0.943
1771401120,+3.44, +4.595, +3.443,+0.943
1771401720,+3.44, +4.635, +3.414,+0.943
