7450-055639
OS REV: 1.05 Sensor Cal: 1624981093
Time (sec),  BV (Volts),  T (deg C),  DO (mg/l),  Q ()
1769314320,+3.43, +3.845,+10.337,+0.938
1769314920,+3.43, +3.855,+10.416,+0.938
1769315520,+3.43, +3.845,+10.345,+0.938
1769316120,+3.43, +3.855,+10.270,+0.938
1769316720,+3.43, +3.855,+10.275,+0.938
1769317320,+3.43, +3.845,+10.246,+0.938
1769317920,+3.43, +3.865,+10.162,+0.938
1769318520,+3.43, +3.875,+10.130,+0.938
1769319120,+3.43, +3.875,+10.104,+0.938
1769319720,+3.43, +3.886,+10.011,+0.938
1769320320,+3.43, +3.865, +9.986,+0.938
1769320920,+3.43, +3.875, +9.972,+0.938
1769321520,+3.43, +3.875, +9.953,+0.938
1769322120,+3.43, +3.845, +9.909,+0.938
1769322720,+3.43, +3.855, +9.901,+0.938
1769323320,+3.43, +3.855, +9.949,+0.938
1769323920,+3.43, +3.824, +9.985,+0.938
1769324520,+3.43, +3.814, +9.988,+0.938
1769325120,+3.43, +3.824, +9.982,+0.938
1769325720,+3.43, +3.835,+10.065,+0.938
1769326320,+3.43, +3.845,+10.114,+0.938
1769326920,+3.43, +3.875,+10.235,+0.938
1769327520,+3.43, +3.886,+10.312,+0.938
1769328120,+3.43, +3.896,+10.409,+0.938
1769328720,+3.43, +3.875,+10.415,+0.938
1769329320,+3.43, +3.886,+10.450,+0.938
1769329920,+3.43, +3.875,+10.461,+0.938
1769330520,+3.43, +3.886,+10.452,+0.938
1769331120,+3.43, +3.886,+10.444,+0.938
1769331720,+3.43, +3.896,+10.444,+0.938
1769332320,+3.43, +3.875,+10.438,+0.938
1769332920,+3.43, +3.875,+10.427,+0.938
1769333520,+3.43, +3.875,+10.465,+0.938
1769334120,+3.43, +3.865,+10.441,+0.938
1769334720,+3.43, +3.875,+10.419,+0.938
1769335320,+3.43, +3.886,+10.389,+0.938
1769335920,+3.43, +3.875,+10.367,+0.938
1769336520,+3.43, +3.875,+10.338,+0.938
1769337120,+3.43, +3.855,+10.335,+0.938
1769337720,+3.43, +3.855,+10.351,+0.938
1769338320,+3.43, +3.865,+10.369,+0.938
1769338920,+3.43, +3.845,+10.401,+0.938
1769339520,+3.43, +3.845,+10.344,+0.938
1769340120,+3.43, +3.824,+10.454,+0.938
1769340720,+3.43, +3.824,+10.504,+0.938
1769341320,+3.43, +3.824,+10.522,+0.938
1769341920,+3.43, +3.845,+10.491,+0.938
1769342520,+3.43, +3.794,+10.499,+0.938
1769343120,+3.43, +3.794,+10.476,+0.938
1769343720,+3.43, +3.783,+10.493,+0.938
1769344320,+3.43, +3.753,+10.504,+0.938
1769344920,+3.43, +3.743,+10.563,+0.938
1769345520,+3.43, +3.722,+10.608,+0.938
1769346120,+3.43, +3.722,+10.634,+0.938
1769346720,+3.43, +3.732,+10.616,+0.938
1769347320,+3.43, +3.732,+10.621,+0.938
1769347920,+3.43, +3.753,+10.615,+0.938
1769348520,+3.43, +3.732,+10.606,+0.938
1769349120,+3.43, +3.763,+10.584,+0.937
1769349720,+3.43, +3.722,+10.601,+0.938
1769350320,+3.43, +3.722,+10.564,+0.938
1769350920,+3.43, +3.743,+10.552,+0.938
1769351520,+3.43, +3.732,+10.557,+0.938
1769352120,+3.43, +3.691,+10.597,+0.938
1769352720,+3.43, +3.712,+10.599,+0.938
1769353320,+3.43, +3.702,+10.573,+0.938
1769353920,+3.43, +3.722,+10.548,+0.938
1769354520,+3.43, +3.691,+10.453,+0.938
1769355120,+3.43, +3.702,+10.398,+0.938
1769355720,+3.43, +3.712,+10.329,+0.938
1769356320,+3.43, +3.702,+10.289,+0.938
1769356920,+3.43, +3.691,+10.322,+0.938
1769357520,+3.43, +3.681,+10.366,+0.938
1769358120,+3.43, +3.691,+10.411,+0.938
1769358720,+3.43, +3.712,+10.428,+0.938
1769359320,+3.43, +3.722,+10.416,+0.938
1769359920,+3.43, +3.712,+10.415,+0.938
1769360520,+3.43, +3.702,+10.443,+0.938
1769361120,+3.43, +3.681,+10.542,+0.938
1769361720,+3.43, +3.712,+10.642,+0.938
1769362320,+3.43, +3.722,+10.630,+0.938
1769362920,+3.43, +3.712,+10.603,+0.938
1769363520,+3.43, +3.712,+10.595,+0.938
1769364120,+3.43, +3.722,+10.468,+0.938
1769364720,+3.43, +3.722,+10.371,+0.938
1769365320,+3.43, +3.743,+10.416,+0.938
1769365920,+3.43, +3.753,+10.438,+0.938
1769366520,+3.43, +3.753,+10.485,+0.938
1769367120,+3.43, +3.753,+10.541,+0.938
1769367720,+3.43, +3.773,+10.618,+0.938
1769368320,+3.43, +3.783,+10.656,+0.937
1769368920,+3.43, +3.763,+10.715,+0.938
1769369520,+3.43, +3.743,+10.734,+0.938
1769370120,+3.43, +3.763,+10.729,+0.938
1769370720,+3.43, +3.753,+10.768,+0.938
1769371320,+3.43, +3.743,+10.711,+0.938
1769371920,+3.43, +3.743,+10.716,+0.938
1769372520,+3.43, +3.773,+10.681,+0.938
1769373120,+3.43, +3.763,+10.657,+0.938
1769373720,+3.43, +3.773,+10.619,+0.938
1769374320,+3.43, +3.763,+10.613,+0.938
1769374920,+3.43, +3.783,+10.573,+0.938
1769375520,+3.43, +3.783,+10.576,+0.938
1769376120,+3.43, +3.804,+10.501,+0.938
1769376720,+3.43, +3.804,+10.485,+0.938
1769377320,+3.43, +3.794,+10.437,+0.938
1769377920,+3.43, +3.783,+10.490,+0.938
1769378520,+3.43, +3.794,+10.508,+0.938
1769379120,+3.43, +3.773,+10.593,+0.938
1769379720,+3.43, +3.794,+10.642,+0.938
1769380320,+3.43, +3.794,+10.656,+0.938
1769380920,+3.43, +3.773,+10.629,+0.938
1769381520,+3.43, +3.753,+10.602,+0.938
1769382120,+3.43, +3.773,+10.567,+0.938
1769382720,+3.43, +3.794,+10.543,+0.938
1769383320,+3.43, +3.794,+10.570,+0.938
1769383920,+3.43, +3.804,+10.590,+0.938
1769384520,+3.43, +3.824,+10.584,+0.938
1769385120,+3.43, +3.824,+10.600,+0.938
1769385720,+3.43, +3.835,+10.606,+0.938
1769386320,+3.43, +3.835,+10.612,+0.937
1769386920,+3.43, +3.865,+10.609,+0.939
1769387520,+3.43, +3.855,+10.585,+0.938
1769388120,+3.43, +3.835,+10.543,+0.938
1769388720,+3.43, +3.865,+10.499,+0.938
1769389320,+3.43, +3.865,+10.471,+0.938
1769389920,+3.43, +3.886,+10.447,+0.938
1769390520,+3.43, +3.896,+10.455,+0.938
1769391120,+3.43, +3.886,+10.492,+0.938
1769391720,+3.43, +3.886,+10.451,+0.938
1769392320,+3.43, +3.875,+10.430,+0.938
1769392920,+3.43, +3.855,+10.437,+0.938
1769393520,+3.43, +3.845,+10.452,+0.938
1769394120,+3.43, +3.835,+10.455,+0.938
1769394720,+3.43, +3.855,+10.446,+0.938
1769395320,+3.43, +3.865,+10.477,+0.939
1769395920,+3.43, +3.835,+10.470,+0.938
1769396520,+3.43, +3.835,+10.428,+0.938
1769397120,+3.43, +3.824,+10.452,+0.938
1769397720,+3.43, +3.804,+10.560,+0.938
1769398320,+3.43, +3.814,+10.572,+0.938
1769398920,+3.43, +3.773,+10.486,+0.938
1769399520,+3.43, +3.763,+10.361,+0.938
1769400120,+3.43, +3.773,+10.331,+0.938
1769400720,+3.43, +3.763,+10.398,+0.938
