7450-055639
OS REV: 1.05 Sensor Cal: 1624981093
Time (sec),  BV (Volts),  T (deg C),  DO (mg/l),  Q ()
1770793320,+3.44, +4.605, +3.569,+0.943
1770793920,+3.44, +4.595, +3.547,+0.943
1770794520,+3.44, +4.595, +3.551,+0.943
1770795120,+3.44, +4.625, +3.537,+0.943
1770795720,+3.44, +4.625, +3.496,+0.943
1770796320,+3.44, +4.595, +3.422,+0.943
1770796920,+3.44, +4.615, +3.378,+0.943
1770797520,+3.44, +4.605, +3.319,+0.942
1770798120,+3.44, +4.615, +3.268,+0.942
1770798720,+3.44, +4.605, +3.315,+0.943
1770799320,+3.44, +4.595, +3.337,+0.942
1770799920,+3.44, +4.585, +3.358,+0.943
1770800520,+3.44, +4.595, +3.343,+0.943
1770801120,+3.44, +4.585, +3.474,+0.943
1770801720,+3.44, +4.615, +3.608,+0.943
1770802320,+3.44, +4.615, +3.686,+0.943
1770802920,+3.44, +4.615, +3.662,+0.943
1770803520,+3.44, +4.595, +3.673,+0.942
1770804120,+3.44, +4.595, +3.699,+0.942
1770804720,+3.44, +4.605, +3.672,+0.943
1770805320,+3.44, +4.615, +3.663,+0.943
1770805920,+3.44, +4.605, +3.627,+0.943
1770806520,+3.44, +4.635, +3.609,+0.943
1770807120,+3.44, +4.595, +3.593,+0.942
1770807720,+3.44, +4.585, +3.582,+0.943
1770808320,+3.44, +4.625, +3.573,+0.943
1770808920,+3.44, +4.605, +3.649,+0.943
1770809520,+3.44, +4.635, +3.650,+0.943
1770810120,+3.44, +4.615, +3.568,+0.943
1770810720,+3.44, +4.615, +3.529,+0.943
1770811320,+3.44, +4.635, +3.498,+0.943
1770811920,+3.44, +4.595, +3.544,+0.943
1770812520,+3.44, +4.575, +3.576,+0.942
1770813120,+3.44, +4.545, +3.614,+0.943
1770813720,+3.44, +4.565, +3.709,+0.943
1770814320,+3.44, +4.555, +3.758,+0.943
1770814920,+3.44, +4.595, +3.729,+0.943
1770815520,+3.44, +4.615, +3.691,+0.943
1770816120,+3.44, +4.605, +3.551,+0.943
1770816720,+3.44, +4.575, +3.602,+0.943
1770817320,+3.44, +4.565, +3.718,+0.943
1770817920,+3.44, +4.535, +3.751,+0.942
1770818520,+3.44, +4.565, +3.706,+0.943
1770819120,+3.44, +4.535, +3.697,+0.943
1770819720,+3.44, +4.535, +3.727,+0.942
1770820320,+3.44, +4.555, +3.756,+0.942
1770820920,+3.44, +4.555, +3.726,+0.943
1770821520,+3.44, +4.565, +3.703,+0.943
1770822120,+3.44, +4.545, +3.699,+0.943
1770822720,+3.44, +4.575, +3.714,+0.943
1770823320,+3.44, +4.565, +3.708,+0.942
1770823920,+3.44, +4.575, +3.642,+0.943
1770824520,+3.44, +4.535, +3.723,+0.943
1770825120,+3.44, +4.555, +3.769,+0.942
1770825720,+3.44, +4.545, +3.795,+0.942
1770826320,+3.44, +4.555, +3.841,+0.942
1770826920,+3.44, +4.535, +3.851,+0.942
1770827520,+3.44, +4.565, +3.801,+0.943
1770828120,+3.44, +4.525, +3.842,+0.943
1770828720,+3.44, +4.525, +3.936,+0.942
1770829320,+3.44, +4.535, +3.933,+0.942
1770829920,+3.44, +4.555, +3.957,+0.942
1770830520,+3.44, +4.545, +3.861,+0.942
1770831120,+3.44, +4.535, +3.976,+0.942
1770831720,+3.44, +4.494, +4.118,+0.942
1770832320,+3.44, +4.484, +4.112,+0.942
1770832920,+3.44, +4.484, +4.133,+0.942
1770833520,+3.44, +4.505, +3.985,+0.942
1770834120,+3.44, +4.484, +4.068,+0.942
1770834720,+3.44, +4.494, +4.111,+0.942
1770835320,+3.44, +4.505, +4.170,+0.942
1770835920,+3.44, +4.494, +4.094,+0.942
1770836520,+3.44, +4.464, +4.136,+0.942
1770837120,+3.44, +4.464, +4.250,+0.942
1770837720,+3.44, +4.444, +4.496,+0.942
1770838320,+3.44, +4.454, +4.372,+0.942
1770838920,+3.44, +4.474, +4.306,+0.942
1770839520,+3.44, +4.494, +4.182,+0.942
1770840120,+3.44, +4.505, +4.106,+0.942
1770840720,+3.44, +4.535, +4.077,+0.942
1770841320,+3.44, +4.494, +4.036,+0.942
1770841920,+3.44, +4.505, +4.139,+0.942
1770842520,+3.44, +4.474, +4.194,+0.942
1770843120,+3.44, +4.474, +4.277,+0.942
1770843720,+3.44, +4.454, +4.229,+0.942
1770844320,+3.44, +4.484, +4.233,+0.942
1770844920,+3.44, +4.505, +4.010,+0.942
1770845520,+3.44, +4.505, +4.081,+0.942
1770846120,+3.44, +4.494, +3.985,+0.942
1770846720,+3.44, +4.505, +4.046,+0.942
1770847320,+3.44, +4.525, +3.989,+0.942
1770847920,+3.44, +4.565, +3.849,+0.943
1770848520,+3.44, +4.555, +3.863,+0.942
1770849120,+3.44, +4.555, +3.919,+0.942
1770849720,+3.44, +4.565, +3.859,+0.942
1770850320,+3.44, +4.575, +3.752,+0.943
1770850920,+3.44, +4.585, +3.664,+0.943
1770851520,+3.44, +4.605, +3.517,+0.943
1770852120,+3.44, +4.605, +3.502,+0.943
1770852720,+3.44, +4.615, +3.456,+0.943
1770853320,+3.44, +4.625, +3.479,+0.943
1770853920,+3.44, +4.635, +3.482,+0.943
1770854520,+3.44, +4.585, +3.534,+0.943
1770855120,+3.44, +4.575, +3.586,+0.943
1770855720,+3.44, +4.585, +3.590,+0.943
1770856320,+3.44, +4.615, +3.561,+0.943
1770856920,+3.44, +4.585, +3.580,+0.943
1770857520,+3.44, +4.605, +3.605,+0.943
1770858120,+3.44, +4.585, +3.594,+0.943
1770858720,+3.44, +4.615, +3.605,+0.942
1770859320,+3.44, +4.615, +3.624,+0.943
1770859920,+3.44, +4.625, +3.584,+0.943
1770860520,+3.44, +4.635, +3.623,+0.943
1770861120,+3.44, +4.625, +3.599,+0.942
1770861720,+3.44, +4.635, +3.616,+0.943
1770862320,+3.44, +4.635, +3.597,+0.943
1770862920,+3.44, +4.615, +3.613,+0.943
1770863520,+3.44, +4.625, +3.609,+0.943
1770864120,+3.44, +4.635, +3.586,+0.943
1770864720,+3.44, +4.645, +3.570,+0.943
1770865320,+3.44, +4.625, +3.544,+0.943
1770865920,+3.44, +4.625, +3.538,+0.943
1770866520,+3.44, +4.635, +3.512,+0.943
1770867120,+3.44, +4.635, +3.497,+0.943
1770867720,+3.44, +4.645, +3.449,+0.943
1770868320,+3.44, +4.656, +3.391,+0.942
1770868920,+3.44, +4.676, +3.344,+0.943
1770869520,+3.44, +4.666, +3.290,+0.943
1770870120,+3.44, +4.676, +3.304,+0.943
1770870720,+3.44, +4.686, +3.334,+0.943
1770871320,+3.44, +4.666, +3.336,+0.943
1770871920,+3.44, +4.666, +3.353,+0.943
1770872520,+3.44, +4.656, +3.412,+0.943
1770873120,+3.44, +4.666, +3.447,+0.943
1770873720,+3.44, +4.645, +3.431,+0.943
1770874320,+3.44, +4.666, +3.472,+0.943
1770874920,+3.44, +4.676, +3.468,+0.943
1770875520,+3.44, +4.666, +3.473,+0.943
1770876120,+3.44, +4.645, +3.404,+0.942
1770876720,+3.44, +4.656, +3.464,+0.943
1770877320,+3.44, +4.666, +3.428,+0.943
1770877920,+3.44, +4.645, +3.451,+0.943
1770878520,+3.44, +4.645, +3.402,+0.943
1770879120,+3.44, +4.686, +3.392,+0.943
1770879720,+3.44, +4.656, +3.416,+0.943
