7450-055639
OS REV: 1.05 Sensor Cal: 1624981093
Time (sec),  BV (Volts),  T (deg C),  DO (mg/l),  Q ()
1770184320,+3.44, +4.373, +5.908,+0.941
1770184920,+3.44, +4.353, +5.942,+0.941
1770185520,+3.44, +4.343, +5.975,+0.941
1770186120,+3.44, +4.343, +6.032,+0.941
1770186720,+3.44, +4.363, +6.081,+0.941
1770187320,+3.44, +4.343, +6.065,+0.941
1770187920,+3.44, +4.343, +6.019,+0.941
1770188520,+3.44, +4.343, +6.002,+0.941
1770189120,+3.44, +4.353, +5.985,+0.941
1770189720,+3.44, +4.353, +5.913,+0.941
1770190320,+3.44, +4.373, +5.931,+0.941
1770190920,+3.44, +4.333, +5.950,+0.941
1770191520,+3.44, +4.353, +5.945,+0.941
1770192120,+3.44, +4.363, +5.951,+0.941
1770192720,+3.44, +4.373, +5.916,+0.941
1770193320,+3.44, +4.373, +5.883,+0.941
1770193920,+3.44, +4.353, +5.870,+0.941
1770194520,+3.44, +4.353, +5.862,+0.941
1770195120,+3.44, +4.353, +5.864,+0.941
1770195720,+3.44, +4.343, +5.871,+0.941
1770196320,+3.44, +4.333, +5.888,+0.941
1770196920,+3.44, +4.353, +5.891,+0.941
1770197520,+3.44, +4.353, +5.982,+0.941
1770198120,+3.44, +4.363, +5.937,+0.941
1770198720,+3.44, +4.353, +5.843,+0.941
1770199320,+3.44, +4.363, +5.809,+0.941
1770199920,+3.44, +4.373, +5.785,+0.941
1770200520,+3.44, +4.363, +5.760,+0.941
1770201120,+3.44, +4.373, +5.733,+0.941
1770201720,+3.44, +4.373, +5.750,+0.941
1770202320,+3.44, +4.333, +5.776,+0.941
1770202920,+3.44, +4.343, +5.800,+0.941
1770203520,+3.44, +4.333, +5.791,+0.941
1770204120,+3.44, +4.363, +6.031,+0.941
1770204720,+3.44, +4.363, +6.149,+0.941
1770205320,+3.44, +4.363, +6.072,+0.941
1770205920,+3.44, +4.353, +6.040,+0.941
1770206520,+3.44, +4.363, +6.003,+0.941
1770207120,+3.44, +4.373, +5.937,+0.941
1770207720,+3.44, +4.363, +5.907,+0.941
1770208320,+3.44, +4.363, +5.826,+0.941
1770208920,+3.44, +4.363, +5.766,+0.941
1770209520,+3.44, +4.353, +5.759,+0.941
1770210120,+3.44, +4.353, +5.735,+0.941
1770210720,+3.44, +4.353, +5.730,+0.941
1770211320,+3.44, +4.343, +5.674,+0.941
1770211920,+3.44, +4.373, +5.733,+0.941
1770212520,+3.44, +4.353, +5.759,+0.941
1770213120,+3.44, +4.343, +5.826,+0.942
1770213720,+3.44, +4.363, +5.841,+0.942
1770214320,+3.44, +4.343, +5.826,+0.941
1770214920,+3.44, +4.343, +5.797,+0.941
1770215520,+3.44, +4.353, +5.792,+0.941
1770216120,+3.44, +4.353, +5.789,+0.941
1770216720,+3.44, +4.363, +5.780,+0.941
1770217320,+3.44, +4.343, +5.756,+0.941
1770217920,+3.44, +4.353, +5.732,+0.941
1770218520,+3.44, +4.333, +5.989,+0.941
1770219120,+3.44, +4.323, +6.240,+0.941
1770219720,+3.44, +4.323, +6.262,+0.941
1770220320,+3.44, +4.333, +6.252,+0.941
1770220920,+3.44, +4.343, +6.218,+0.941
1770221520,+3.44, +4.313, +6.175,+0.941
1770222120,+3.44, +4.313, +6.195,+0.941
1770222720,+3.44, +4.302, +6.181,+0.941
1770223320,+3.44, +4.313, +6.218,+0.941
1770223920,+3.44, +4.313, +6.252,+0.941
1770224520,+3.44, +4.323, +6.318,+0.941
1770225120,+3.44, +4.292, +6.389,+0.941
1770225720,+3.44, +4.292, +6.378,+0.941
1770226320,+3.44, +4.292, +6.425,+0.941
1770226920,+3.44, +4.292, +6.411,+0.941
1770227520,+3.44, +4.302, +6.373,+0.941
1770228120,+3.44, +4.292, +6.329,+0.941
1770228720,+3.44, +4.302, +6.297,+0.941
1770229320,+3.44, +4.272, +6.290,+0.941
1770229920,+3.44, +4.333, +6.251,+0.941
1770230520,+3.44, +4.282, +6.239,+0.941
1770231120,+3.44, +4.302, +6.206,+0.941
1770231720,+3.44, +4.292, +6.182,+0.941
1770232320,+3.44, +4.313, +6.210,+0.941
1770232920,+3.44, +4.302, +6.290,+0.941
1770233520,+3.44, +4.302, +6.336,+0.941
1770234120,+3.44, +4.323, +6.273,+0.941
1770234720,+3.44, +4.323, +6.164,+0.941
1770235320,+3.44, +4.323, +6.154,+0.941
1770235920,+3.44, +4.333, +6.137,+0.941
1770236520,+3.44, +4.313, +6.116,+0.941
1770237120,+3.44, +4.302, +6.128,+0.941
1770237720,+3.44, +4.343, +6.123,+0.941
1770238320,+3.44, +4.343, +6.189,+0.941
1770238920,+3.44, +4.333, +6.249,+0.941
1770239520,+3.44, +4.343, +6.261,+0.941
1770240120,+3.44, +4.333, +6.161,+0.941
1770240720,+3.44, +4.353, +6.166,+0.941
1770241320,+3.44, +4.333, +6.197,+0.941
1770241920,+3.44, +4.333, +6.285,+0.941
1770242520,+3.44, +4.313, +6.329,+0.941
1770243120,+3.44, +4.363, +6.312,+0.941
1770243720,+3.44, +4.323, +6.274,+0.941
1770244320,+3.44, +4.383, +6.179,+0.941
1770244920,+3.44, +4.373, +6.137,+0.941
1770245520,+3.44, +4.353, +6.079,+0.941
1770246120,+3.44, +4.353, +6.002,+0.941
1770246720,+3.44, +4.353, +5.948,+0.941
1770247320,+3.44, +4.363, +5.863,+0.941
1770247920,+3.44, +4.333, +5.916,+0.941
1770248520,+3.44, +4.363, +5.906,+0.941
1770249120,+3.44, +4.373, +5.863,+0.941
1770249720,+3.44, +4.343, +5.857,+0.941
1770250320,+3.44, +4.343, +5.807,+0.941
1770250920,+3.44, +4.353, +5.772,+0.941
1770251520,+3.44, +4.343, +5.859,+0.941
1770252120,+3.44, +4.363, +5.912,+0.941
1770252720,+3.44, +4.343, +5.983,+0.941
1770253320,+3.44, +4.343, +5.988,+0.941
1770253920,+3.44, +4.343, +5.972,+0.941
1770254520,+3.44, +4.353, +6.064,+0.941
1770255120,+3.44, +4.343, +6.153,+0.941
1770255720,+3.44, +4.353, +6.111,+0.941
1770256320,+3.44, +4.343, +6.119,+0.941
1770256920,+3.44, +4.363, +6.109,+0.941
1770257520,+3.44, +4.373, +6.033,+0.941
1770258120,+3.44, +4.353, +5.917,+0.941
1770258720,+3.44, +4.373, +5.907,+0.941
1770259320,+3.44, +4.353, +6.015,+0.941
1770259920,+3.44, +4.353, +6.023,+0.941
1770260520,+3.44, +4.343, +6.106,+0.941
1770261120,+3.44, +4.363, +6.192,+0.941
1770261720,+3.44, +4.353, +6.083,+0.941
1770262320,+3.44, +4.363, +6.101,+0.941
1770262920,+3.44, +4.343, +6.118,+0.941
1770263520,+3.44, +4.353, +6.087,+0.941
1770264120,+3.44, +4.333, +6.049,+0.941
1770264720,+3.44, +4.363, +5.992,+0.941
1770265320,+3.44, +4.333, +5.985,+0.941
1770265920,+3.44, +4.333, +5.964,+0.941
1770266520,+3.44, +4.343, +5.967,+0.941
1770267120,+3.44, +4.353, +5.946,+0.941
1770267720,+3.44, +4.363, +5.927,+0.941
1770268320,+3.44, +4.343, +5.924,+0.941
1770268920,+3.44, +4.353, +5.900,+0.941
1770269520,+3.44, +4.363, +6.004,+0.942
1770270120,+3.44, +4.353, +6.002,+0.941
1770270720,+3.44, +4.363, +5.944,+0.941
