7450-055639
OS REV: 1.05 Sensor Cal: 1624981093
Time (sec),  BV (Volts),  T (deg C),  DO (mg/l),  Q ()
1768183320,+3.43, +4.555,+10.557,+0.939
1768183920,+3.43, +4.756,+10.686,+0.939
1768184520,+3.43, +4.676,+10.655,+0.938
1768185120,+3.43, +4.635,+10.616,+0.939
1768185720,+3.43, +4.535,+10.490,+0.939
1768186320,+3.43, +4.525,+10.432,+0.939
1768186920,+3.43, +4.484,+10.490,+0.939
1768187520,+3.43, +4.494,+10.524,+0.939
1768188120,+3.43, +4.515,+10.565,+0.939
1768188720,+3.43, +4.484,+10.546,+0.939
1768189320,+3.43, +4.736,+10.632,+0.939
1768189920,+3.43, +4.936,+10.803,+0.939
1768190520,+3.43, +5.006,+10.950,+0.940
1768191120,+3.43, +5.076,+11.058,+0.939
1768191720,+3.43, +5.066,+10.999,+0.939
1768192320,+3.43, +5.036,+10.983,+0.939
1768192920,+3.43, +4.946,+10.903,+0.939
1768193520,+3.43, +4.936,+10.892,+0.939
1768194120,+3.43, +4.936,+10.908,+0.939
1768194720,+3.43, +4.906,+10.865,+0.939
1768195320,+3.43, +4.806,+10.815,+0.939
1768195920,+3.43, +4.826,+10.887,+0.939
1768196520,+3.43, +4.796,+10.805,+0.939
1768197120,+3.43, +4.816,+10.828,+0.940
1768197720,+3.43, +4.796,+10.861,+0.939
1768198320,+3.43, +4.746,+10.850,+0.939
1768198920,+3.43, +4.776,+10.919,+0.939
1768199520,+3.43, +4.776,+10.925,+0.939
1768200120,+3.43, +4.786,+10.892,+0.939
1768200720,+3.43, +4.786,+10.922,+0.939
1768201320,+3.43, +4.776,+10.883,+0.939
1768201920,+3.43, +4.766,+10.888,+0.939
1768202520,+3.43, +4.776,+10.897,+0.939
1768203120,+3.43, +4.776,+10.910,+0.939
1768203720,+3.43, +4.736,+10.895,+0.939
1768204320,+3.43, +4.736,+10.887,+0.938
1768204920,+3.43, +4.766,+10.869,+0.939
1768205520,+3.43, +4.756,+10.850,+0.939
1768206120,+3.43, +4.796,+10.860,+0.939
1768206720,+3.43, +4.766,+10.871,+0.939
1768207320,+3.43, +4.786,+10.868,+0.939
1768207920,+3.43, +4.746,+10.900,+0.939
1768208520,+3.43, +4.766,+10.884,+0.939
1768209120,+3.43, +4.756,+10.862,+0.939
1768209720,+3.43, +4.736,+10.820,+0.939
1768210320,+3.43, +4.736,+10.798,+0.939
1768210920,+3.43, +4.716,+10.797,+0.939
1768211520,+3.43, +4.736,+10.752,+0.939
1768212120,+3.43, +4.726,+10.877,+0.939
1768212720,+3.43, +4.736,+10.847,+0.939
1768213320,+3.43, +4.726,+10.825,+0.939
1768213920,+3.43, +4.746,+10.894,+0.939
1768214520,+3.43, +4.736,+10.825,+0.939
1768215120,+3.43, +4.736,+10.850,+0.939
1768215720,+3.43, +4.736,+10.880,+0.939
1768216320,+3.43, +4.746,+10.805,+0.939
1768216920,+3.43, +4.736,+10.865,+0.939
1768217520,+3.43, +4.726,+10.826,+0.939
1768218120,+3.43, +4.706,+10.804,+0.939
1768218720,+3.43, +4.706,+10.818,+0.939
1768219320,+3.43, +4.706,+10.776,+0.939
1768219920,+3.43, +4.706,+10.804,+0.939
1768220520,+3.43, +4.666,+10.856,+0.939
1768221120,+3.43, +4.645,+10.822,+0.939
1768221720,+3.43, +4.625,+10.840,+0.939
1768222320,+3.43, +4.645,+10.883,+0.939
1768222920,+3.43, +4.615,+10.945,+0.939
1768223520,+3.43, +4.645,+10.918,+0.939
1768224120,+3.43, +4.625,+10.922,+0.939
1768224720,+3.43, +4.605,+10.926,+0.939
1768225320,+3.43, +4.605,+10.914,+0.939
1768225920,+3.43, +4.615,+10.933,+0.939
1768226520,+3.43, +4.635,+10.932,+0.939
1768227120,+3.43, +4.625,+10.910,+0.939
1768227720,+3.43, +4.575,+10.868,+0.939
1768228320,+3.43, +4.565,+10.838,+0.939
1768228920,+3.43, +4.494,+10.805,+0.939
1768229520,+3.43, +4.505,+10.800,+0.939
1768230120,+3.43, +4.474,+10.822,+0.939
1768230720,+3.43, +4.494,+10.845,+0.939
1768231320,+3.43, +4.505,+10.863,+0.939
1768231920,+3.43, +4.505,+10.860,+0.939
1768232520,+3.43, +4.525,+10.870,+0.939
1768233120,+3.43, +4.535,+10.894,+0.939
1768233720,+3.43, +4.575,+10.944,+0.939
1768234320,+3.43, +4.585,+10.967,+0.939
1768234920,+3.43, +4.605,+10.926,+0.939
1768235520,+3.43, +4.625,+10.950,+0.939
1768236120,+3.43, +4.635,+10.944,+0.939
1768236720,+3.43, +4.635,+10.928,+0.939
1768237320,+3.43, +4.645,+10.886,+0.939
1768237920,+3.43, +4.645,+10.851,+0.939
1768238520,+3.43, +4.615,+10.918,+0.939
1768239120,+3.43, +4.625,+10.918,+0.939
1768239720,+3.43, +4.615,+10.877,+0.939
1768240320,+3.43, +4.605,+10.728,+0.938
1768240920,+3.43, +4.615,+10.756,+0.939
1768241520,+3.43, +4.615,+10.794,+0.939
1768242120,+3.43, +4.625,+10.695,+0.939
1768242720,+3.43, +4.625,+10.623,+0.939
1768243320,+3.43, +4.605,+10.700,+0.939
1768243920,+3.43, +4.595,+10.664,+0.939
1768244520,+3.43, +4.595,+10.671,+0.939
1768245120,+3.43, +4.575,+10.817,+0.939
1768245720,+3.43, +4.585,+10.531,+0.939
1768246320,+3.43, +4.595,+10.663,+0.939
1768246920,+3.43, +4.585,+10.699,+0.939
1768247520,+3.43, +4.585,+10.685,+0.939
1768248120,+3.43, +4.585,+10.778,+0.938
1768248720,+3.43, +4.595,+10.597,+0.939
1768249320,+3.43, +4.575,+10.772,+0.939
1768249920,+3.43, +4.605,+10.621,+0.939
1768250520,+3.43, +4.615,+10.585,+0.939
1768251120,+3.43, +4.575,+10.780,+0.939
1768251720,+3.43, +4.565,+10.817,+0.939
1768252320,+3.43, +4.605,+10.770,+0.939
1768252920,+3.43, +4.585,+10.764,+0.938
1768253520,+3.43, +4.605,+10.759,+0.939
1768254120,+3.43, +4.605,+10.728,+0.939
1768254720,+3.43, +4.605,+10.628,+0.939
1768255320,+3.43, +4.585,+10.583,+0.939
1768255920,+3.43, +4.575,+10.607,+0.939
1768256520,+3.43, +4.595,+10.607,+0.939
1768257120,+3.43, +4.605,+10.515,+0.939
1768257720,+3.43, +4.615,+10.461,+0.939
1768258320,+3.43, +4.625,+10.384,+0.939
1768258920,+3.43, +4.635,+10.209,+0.939
1768259520,+3.43, +4.625,+10.053,+0.939
1768260120,+3.43, +4.635, +9.576,+0.939
1768260720,+3.43, +4.605, +9.717,+0.939
1768261320,+3.43, +4.595, +9.970,+0.940
1768261920,+3.43, +4.605,+10.358,+0.939
1768262520,+3.43, +4.595,+10.449,+0.939
1768263120,+3.43, +4.625,+10.478,+0.939
1768263720,+3.43, +4.615,+10.427,+0.940
1768264320,+3.43, +4.645,+10.249,+0.939
1768264920,+3.43, +4.625,+10.014,+0.939
1768265520,+3.43, +4.595,+10.067,+0.939
1768266120,+3.43, +4.605,+10.327,+0.939
1768266720,+3.43, +4.595,+10.511,+0.939
1768267320,+3.43, +4.615,+10.613,+0.939
1768267920,+3.43, +4.595,+10.658,+0.939
1768268520,+3.43, +4.605,+10.663,+0.939
1768269120,+3.43, +4.605,+10.635,+0.939
1768269720,+3.43, +4.615,+10.651,+0.939
