7450-055639
OS REV: 1.05 Sensor Cal: 1624981093
Time (sec),  BV (Volts),  T (deg C),  DO (mg/l),  Q ()
1771750320,+3.44, +4.656, +0.053,+0.923
1771750920,+3.44, +4.645, +0.052,+0.923
1771751520,+3.44, +4.656, +0.052,+0.923
1771752120,+3.44, +4.635, +4.019,+0.940
1771752720,+3.44, +4.625, +2.205,+0.935
1771753320,+3.44, +4.635, +1.260,+0.931
1771753920,+3.44, +4.635, +0.701,+0.929
1771754520,+3.44, +4.625, +0.207,+0.925
1771755120,+3.44, +4.635, +0.084,+0.924
1771755720,+3.44, +4.645, +0.066,+0.923
1771756320,+3.44, +4.625, +0.054,+0.923
1771756920,+3.44, +4.645, +0.053,+0.923
1771757520,+3.44, +4.686, +0.053,+0.923
1771758120,+3.44, +4.656, +0.052,+0.923
1771758720,+3.44, +4.676, +0.053,+0.923
1771759320,+3.44, +4.666, +0.053,+0.923
1771759920,+3.44, +4.666, +0.053,+0.923
1771760520,+3.44, +4.645, +0.052,+0.923
1771761120,+3.44, +4.656, +0.054,+0.923
1771761720,+3.44, +4.666, +0.054,+0.923
1771762320,+3.44, +4.666, +0.052,+0.923
1771762920,+3.44, +4.666, +0.054,+0.923
1771763520,+3.44, +4.656, +0.052,+0.923
1771764120,+3.44, +4.666, +0.163,+0.922
1771764720,+3.44, +4.686, +0.173,+0.923
1771765320,+3.44, +4.676, +0.184,+0.922
1771765920,+3.44, +4.656, +0.225,+0.922
1771766520,+3.44, +4.686, +0.054,+0.923
1771767120,+3.44, +4.696, +0.055,+0.923
1771767720,+3.44, +4.696, +0.064,+0.923
1771768320,+3.44, +4.696, +0.062,+0.923
1771768920,+3.44, +4.696, +0.076,+0.923
1771769520,+3.44, +4.696, +0.443,+0.918
1771770120,+3.44, +4.696, +0.517,+0.919
1771770720,+3.44, +4.696, +0.672,+0.914
1771771320,+3.44, +4.686, +1.899,+0.884
1771771920,+3.44, +4.716, +2.296,+0.888
1771772520,+3.44, +4.716, +2.336,+0.908
1771773120,+3.44, +4.736, +1.879,+0.888
1771773720,+3.44, +4.736, +3.846,+0.927
1771774320,+3.44, +4.726, +1.260,+0.931
1771774920,+3.44, +4.716, +0.596,+0.927
1771775520,+3.44, +4.746, +0.528,+0.925
1771776120,+3.44, +4.746, +0.452,+0.924
1771776720,+3.44, +4.756, +0.399,+0.924
1771777320,+3.44, +4.746, +0.350,+0.924
1771777920,+3.44, +4.756, +0.312,+0.924
1771778520,+3.44, +4.736, +0.251,+0.924
1771779120,+3.44, +4.746, +0.241,+0.924
1771779720,+3.44, +4.726, +0.267,+0.923
1771780320,+3.44, +4.746, +0.389,+0.921
1771780920,+3.44, +4.736, +0.054,+0.923
1771781520,+3.44, +4.746, +0.053,+0.923
1771782120,+3.44, +4.756, +0.053,+0.923
1771782720,+3.44, +4.726, +0.057,+0.923
1771783320,+3.44, +4.736, +0.075,+0.923
1771783920,+3.44, +4.726, +0.492,+0.911
1771784520,+3.44, +4.726, +0.524,+0.914
1771785120,+3.44, +4.726, +0.571,+0.914
1771785720,+3.44, +4.726, +0.967,+0.901
1771786320,+3.44, +4.736, +1.651,+0.889
1771786920,+3.44, +4.726, +1.943,+0.887
1771787520,+3.44, +4.726, +1.895,+0.890
1771788120,+3.44, +4.746, +1.465,+0.912
1771788720,+3.44, +4.756, +0.282,+0.922
1771789320,+3.44, +4.746, +0.257,+0.924
1771789920,+3.44, +4.736, +0.296,+0.923
1771790520,+3.44, +4.766, +0.447,+0.919
1771791120,+3.44, +4.736, +0.485,+0.921
1771791720,+3.44, +4.746, +0.464,+0.921
1771792320,+3.44, +4.756, +0.426,+0.921
1771792920,+3.44, +4.756, +0.466,+0.920
1771793520,+3.44, +4.746, +0.556,+0.918
1771794120,+3.44, +4.766, +0.869,+0.906
1771794720,+3.44, +4.766, +1.703,+0.886
1771795320,+3.44, +4.766, +0.056,+0.923
1771795920,+3.44, +4.786, +0.108,+0.922
1771796520,+3.44, +4.776, +0.287,+0.916
1771797120,+3.44, +4.746, +0.567,+0.905
1771797720,+3.44, +4.786, +0.786,+0.899
1771798320,+3.44, +4.776, +0.984,+0.894
1771798920,+3.44, +4.786, +1.310,+0.882
1771799520,+3.44, +4.756, +1.562,+0.879
1771800120,+3.44, +4.776, +1.831,+0.876
1771800720,+3.44, +4.756, +2.105,+0.874
1771801320,+3.44, +4.736, +2.303,+0.873
1771801920,+3.44, +4.736, +2.538,+0.870
1771802520,+3.44, +4.736, +3.753,+0.918
1771803120,+3.44, +4.736, +2.361,+0.903
1771803720,+3.44, +4.726, +3.055,+0.894
1771804320,+3.44, +4.736, +2.843,+0.893
1771804920,+3.44, +4.716, +5.119,+0.903
1771805520,+3.44, +4.716, +4.829,+0.905
1771806120,+3.44, +4.676, +7.190,+0.925
1771806720,+3.44, +4.645, +7.765,+0.929
1771807320,+3.44, +4.635, +8.204,+0.928
1771807920,+3.44, +4.635, +9.230,+0.932
1771808520,+3.44, +4.666, +8.383,+0.929
1771809120,+3.44, +4.605, +8.143,+0.930
1771809720,+3.44, +4.625, +0.064,+0.923
1771810320,+3.44, +4.625, +0.145,+0.921
1771810920,+3.44, +4.625, +0.312,+0.915
1771811520,+3.44, +4.625, +0.519,+0.908
1771812120,+3.44, +4.625, +0.929,+0.892
1771812720,+3.44, +4.595, +1.344,+0.882
1771813320,+3.44, +4.565, +1.547,+0.879
1771813920,+3.44, +4.565, +1.834,+0.876
1771814520,+3.44, +4.535, +2.290,+0.866
1771815120,+3.44, +4.545, +2.452,+0.869
1771815720,+3.44, +4.525, +2.571,+0.871
1771816320,+3.44, +4.565, +2.715,+0.874
1771816920,+3.44, +4.555, +0.067,+0.923
1771817520,+3.44, +4.505, +0.302,+0.916
1771818120,+3.44, +4.505, +1.038,+0.889
1771818720,+3.44, +4.494, +1.881,+0.871
1771819320,+3.44, +4.484, +2.388,+0.871
1771819920,+3.44, +4.464, +3.116,+0.867
1771820520,+3.44, +4.454, +3.751,+0.866
1771821120,+3.44, +4.464, +4.153,+0.871
1771821720,+3.44, +4.454, +3.967,+0.874
1771822320,+3.44, +4.414, +4.747,+0.873
1771822920,+3.44, +4.404, +5.077,+0.873
1771823520,+3.44, +4.424, +5.602,+0.878
1771824120,+3.44, +4.434, +6.696,+0.931
1771824720,+3.44, +4.434, +3.937,+0.911
1771825320,+3.44, +4.414, +6.961,+0.917
1771825920,+3.44, +4.404, +8.764,+0.930
1771826520,+3.44, +4.414, +7.677,+0.928
1771827120,+3.44, +4.373, +7.820,+0.930
1771827720,+3.44, +4.363, +7.527,+0.926
1771828320,+3.44, +4.414, +7.393,+0.925
1771828920,+3.44, +4.363, +7.435,+0.925
1771829520,+3.44, +4.353, +8.157,+0.929
1771830120,+3.44, +4.313, +8.540,+0.931
1771830720,+3.44, +4.302, +9.113,+0.934
1771831320,+3.44, +4.313, +0.068,+0.923
1771831920,+3.44, +4.292, +0.159,+0.920
1771832520,+3.44, +4.302, +0.370,+0.912
1771833120,+3.44, +4.292, +0.698,+0.900
1771833720,+3.44, +4.292, +1.047,+0.891
1771834320,+3.44, +4.302, +1.415,+0.882
1771834920,+3.44, +4.282, +1.654,+0.881
1771835520,+3.44, +4.272, +1.827,+0.881
1771836120,+3.44, +4.282, +2.100,+0.880
1771836720,+3.44, +4.262, +2.316,+0.880
