7450-055639
OS REV: 1.05 Sensor Cal: 1624981093
Time (sec),  BV (Volts),  T (deg C),  DO (mg/l),  Q ()
1769575320,+3.43, +4.018, +9.254,+0.938
1769575920,+3.43, +4.039, +9.245,+0.939
1769576520,+3.43, +4.039, +9.209,+0.939
1769577120,+3.43, +4.008, +9.193,+0.938
1769577720,+3.43, +4.008, +9.197,+0.939
1769578320,+3.43, +3.998, +9.251,+0.938
1769578920,+3.44, +4.018, +9.261,+0.939
1769579520,+3.43, +4.028, +9.269,+0.939
1769580120,+3.43, +4.008, +9.297,+0.939
1769580720,+3.43, +4.018, +9.291,+0.939
1769581320,+3.44, +4.028, +9.276,+0.939
1769581920,+3.44, +4.018, +9.274,+0.939
1769582520,+3.44, +4.018, +9.266,+0.939
1769583120,+3.43, +3.998, +9.242,+0.939
1769583720,+3.44, +4.049, +9.203,+0.939
1769584320,+3.44, +4.028, +9.189,+0.938
1769584920,+3.44, +4.039, +9.164,+0.939
1769585520,+3.44, +4.028, +9.197,+0.939
1769586120,+3.44, +4.018, +9.172,+0.939
1769586720,+3.43, +4.028, +9.166,+0.939
1769587320,+3.43, +4.018, +9.180,+0.939
1769587920,+3.44, +4.039, +9.195,+0.939
1769588520,+3.43, +4.018, +9.195,+0.938
1769589120,+3.44, +4.008, +9.215,+0.939
1769589720,+3.44, +4.028, +9.231,+0.939
1769590320,+3.44, +4.039, +9.240,+0.939
1769590920,+3.43, +4.028, +9.251,+0.939
1769591520,+3.44, +4.039, +9.244,+0.939
1769592120,+3.44, +4.028, +9.244,+0.939
1769592720,+3.44, +4.008, +9.004,+0.939
1769593320,+3.44, +4.028, +9.056,+0.939
1769593920,+3.44, +4.028, +9.141,+0.939
1769594520,+3.44, +4.028, +9.103,+0.939
1769595120,+3.44, +4.028, +9.064,+0.939
1769595720,+3.44, +4.069, +9.036,+0.939
1769596320,+3.44, +4.028, +9.009,+0.939
1769596920,+3.44, +4.039, +8.924,+0.939
1769597520,+3.44, +4.028, +8.932,+0.939
1769598120,+3.44, +4.039, +8.986,+0.939
1769598720,+3.44, +4.049, +9.099,+0.939
1769599320,+3.43, +4.028, +9.113,+0.939
1769599920,+3.43, +4.008, +9.101,+0.939
1769600520,+3.44, +4.018, +9.008,+0.939
1769601120,+3.44, +4.039, +8.995,+0.939
1769601720,+3.44, +4.008, +9.066,+0.939
1769602320,+3.44, +4.039, +9.199,+0.939
1769602920,+3.44, +4.008, +9.273,+0.939
1769603520,+3.44, +4.028, +9.247,+0.939
1769604120,+3.44, +4.018, +9.260,+0.939
1769604720,+3.44, +4.039, +9.209,+0.939
1769605320,+3.44, +3.998, +9.196,+0.938
1769605920,+3.44, +4.018, +9.185,+0.939
1769606520,+3.44, +4.028, +9.190,+0.939
1769607120,+3.44, +4.028, +9.189,+0.939
1769607720,+3.44, +4.018, +9.100,+0.939
1769608320,+3.44, +4.039, +9.074,+0.939
1769608920,+3.44, +4.039, +9.067,+0.939
1769609520,+3.44, +4.039, +9.072,+0.939
1769610120,+3.44, +4.008, +9.124,+0.939
1769610720,+3.44, +4.018, +9.100,+0.939
1769611320,+3.44, +4.039, +8.996,+0.939
1769611920,+3.44, +4.039, +9.050,+0.939
1769612520,+3.44, +4.008, +9.088,+0.939
1769613120,+3.44, +4.018, +8.949,+0.939
1769613720,+3.44, +4.039, +9.122,+0.939
1769614320,+3.44, +4.039, +9.148,+0.938
1769614920,+3.44, +4.039, +9.165,+0.939
1769615520,+3.44, +4.059, +9.071,+0.939
1769616120,+3.44, +4.049, +8.986,+0.939
1769616720,+3.44, +4.049, +9.086,+0.939
1769617320,+3.44, +4.049, +9.117,+0.939
1769617920,+3.44, +3.998, +9.125,+0.938
1769618520,+3.44, +4.008, +9.134,+0.939
1769619120,+3.44, +3.998, +9.139,+0.939
1769619720,+3.44, +4.018, +9.140,+0.939
1769620320,+3.44, +4.028, +9.123,+0.939
1769620920,+3.44, +4.008, +9.149,+0.939
1769621520,+3.44, +4.018, +9.149,+0.939
1769622120,+3.44, +4.028, +9.130,+0.939
1769622720,+3.44, +4.039, +9.143,+0.939
1769623320,+3.44, +4.059, +9.130,+0.939
1769623920,+3.44, +4.028, +8.963,+0.939
1769624520,+3.44, +4.018, +8.996,+0.939
1769625120,+3.44, +4.028, +9.040,+0.939
1769625720,+3.44, +4.039, +8.970,+0.939
1769626320,+3.44, +4.039, +9.027,+0.939
1769626920,+3.44, +4.039, +9.035,+0.939
1769627520,+3.44, +4.039, +9.071,+0.939
1769628120,+3.44, +4.039, +9.046,+0.939
1769628720,+3.44, +4.018, +9.053,+0.939
1769629320,+3.44, +4.028, +9.064,+0.939
1769629920,+3.44, +4.028, +9.043,+0.939
1769630520,+3.44, +4.049, +9.048,+0.939
1769631120,+3.44, +4.049, +9.033,+0.939
1769631720,+3.44, +4.069, +8.976,+0.939
1769632320,+3.44, +4.049, +8.964,+0.939
1769632920,+3.44, +4.059, +8.943,+0.939
1769633520,+3.44, +4.069, +8.960,+0.939
1769634120,+3.44, +4.049, +8.938,+0.939
1769634720,+3.44, +4.069, +8.916,+0.939
1769635320,+3.44, +4.059, +8.928,+0.939
1769635920,+3.44, +4.028, +8.959,+0.939
1769636520,+3.44, +4.039, +8.955,+0.939
1769637120,+3.44, +4.049, +8.947,+0.939
1769637720,+3.44, +4.039, +8.945,+0.939
1769638320,+3.44, +4.008, +8.943,+0.939
1769638920,+3.44, +4.018, +8.910,+0.939
1769639520,+3.44, +4.008, +8.886,+0.939
1769640120,+3.44, +4.018, +8.839,+0.939
1769640720,+3.44, +4.028, +8.772,+0.939
1769641320,+3.44, +4.028, +8.667,+0.939
1769641920,+3.44, +4.039, +8.648,+0.939
1769642520,+3.44, +4.018, +8.667,+0.939
1769643120,+3.44, +4.008, +8.711,+0.939
1769643720,+3.44, +4.018, +8.805,+0.939
1769644320,+3.44, +4.018, +8.869,+0.939
1769644920,+3.44, +4.039, +8.831,+0.939
1769645520,+3.44, +4.008, +8.806,+0.939
1769646120,+3.44, +4.018, +8.776,+0.939
1769646720,+3.44, +4.039, +8.757,+0.939
1769647320,+3.44, +4.049, +8.709,+0.939
1769647920,+3.44, +4.039, +8.677,+0.939
1769648520,+3.44, +4.059, +8.670,+0.939
1769649120,+3.44, +4.089, +8.646,+0.939
1769649720,+3.44, +4.069, +8.685,+0.939
1769650320,+3.44, +4.089, +8.677,+0.939
1769650920,+3.44, +4.069, +8.627,+0.939
1769651520,+3.44, +4.089, +8.531,+0.939
1769652120,+3.44, +4.079, +8.546,+0.940
1769652720,+3.44, +4.079, +8.520,+0.940
1769653320,+3.44, +4.089, +8.604,+0.939
1769653920,+3.44, +4.079, +8.643,+0.940
1769654520,+3.44, +4.089, +8.551,+0.939
1769655120,+3.44, +4.100, +8.584,+0.939
1769655720,+3.44, +4.100, +8.631,+0.939
1769656320,+3.44, +4.089, +8.544,+0.939
1769656920,+3.44, +4.089, +8.642,+0.939
1769657520,+3.44, +4.069, +8.719,+0.939
1769658120,+3.44, +4.079, +8.737,+0.939
1769658720,+3.44, +4.079, +8.723,+0.939
1769659320,+3.44, +4.089, +8.650,+0.939
1769659920,+3.44, +4.089, +8.585,+0.939
1769660520,+3.44, +4.089, +8.593,+0.939
1769661120,+3.44, +4.089, +8.641,+0.939
1769661720,+3.44, +4.079, +8.595,+0.939
