7450-055639
OS REV: 1.05 Sensor Cal: 1624981093
Time (sec),  BV (Volts),  T (deg C),  DO (mg/l),  Q ()
1768792320,+3.43, +3.599, +8.965,+0.939
1768792920,+3.43, +3.548, +8.836,+0.939
1768793520,+3.43, +3.568, +8.856,+0.939
1768794120,+3.43, +3.517, +9.172,+0.938
1768794720,+3.43, +3.537, +9.436,+0.938
1768795320,+3.43, +3.527, +9.400,+0.938
1768795920,+3.43, +3.537, +9.192,+0.938
1768796520,+3.43, +3.527, +9.121,+0.938
1768797120,+3.43, +3.517, +9.130,+0.938
1768797720,+3.43, +3.517, +9.089,+0.939
1768798320,+3.43, +3.548, +9.069,+0.939
1768798920,+3.43, +3.568, +9.252,+0.939
1768799520,+3.43, +3.568, +9.188,+0.938
1768800120,+3.43, +3.620, +8.784,+0.939
1768800720,+3.43, +3.599, +8.772,+0.939
1768801320,+3.43, +3.609, +8.796,+0.939
1768801920,+3.43, +3.620, +8.807,+0.939
1768802520,+3.43, +3.599, +8.906,+0.939
1768803120,+3.43, +3.599, +8.948,+0.939
1768803720,+3.43, +3.630, +9.073,+0.939
1768804320,+3.43, +3.630, +8.531,+0.939
1768804920,+3.43, +3.589, +8.985,+0.939
1768805520,+3.43, +3.599, +9.337,+0.939
1768806120,+3.43, +3.661, +9.083,+0.939
1768806720,+3.43, +3.609, +8.702,+0.939
1768807320,+3.43, +3.589, +9.185,+0.938
1768807920,+3.43, +3.517, +9.974,+0.938
1768808520,+3.43, +3.496, +9.841,+0.938
1768809120,+3.43, +3.445,+10.182,+0.937
1768809720,+3.43, +3.445,+10.270,+0.938
1768810320,+3.43, +3.393,+10.493,+0.938
1768810920,+3.43, +3.455,+10.321,+0.938
1768811520,+3.43, +3.476,+10.201,+0.938
1768812120,+3.43, +3.455, +9.977,+0.938
1768812720,+3.43, +3.455, +9.956,+0.938
1768813320,+3.43, +3.496, +9.979,+0.938
1768813920,+3.43, +3.517,+10.105,+0.938
1768814520,+3.43, +3.507,+10.047,+0.938
1768815120,+3.43, +3.537,+10.012,+0.938
1768815720,+3.43, +3.496, +9.971,+0.938
1768816320,+3.43, +3.548,+10.004,+0.938
1768816920,+3.43, +3.496,+10.080,+0.938
1768817520,+3.43, +3.486,+10.295,+0.938
1768818120,+3.43, +3.445,+10.280,+0.938
1768818720,+3.43, +3.445,+10.336,+0.938
1768819320,+3.43, +3.434,+10.347,+0.938
1768819920,+3.43, +3.393,+10.304,+0.938
1768820520,+3.43, +3.393,+10.279,+0.937
1768821120,+3.43, +3.383,+10.294,+0.938
1768821720,+3.43, +3.383,+10.483,+0.937
1768822320,+3.43, +3.373,+10.540,+0.938
1768822920,+3.43, +3.383,+10.555,+0.938
1768823520,+3.43, +3.393,+10.526,+0.938
1768824120,+3.43, +3.352,+10.608,+0.938
1768824720,+3.43, +3.352,+10.583,+0.938
1768825320,+3.43, +3.331,+10.590,+0.937
1768825920,+3.43, +3.404,+10.455,+0.937
1768826520,+3.43, +3.455,+10.305,+0.937
1768827120,+3.43, +3.414,+10.342,+0.938
1768827720,+3.43, +3.424,+10.358,+0.938
1768828320,+3.43, +3.445,+10.357,+0.937
1768828920,+3.43, +3.383,+10.502,+0.937
1768829520,+3.43, +3.393,+10.465,+0.937
1768830120,+3.43, +3.383,+10.452,+0.938
1768830720,+3.43, +3.404,+10.448,+0.938
1768831320,+3.43, +3.424,+10.392,+0.938
1768831920,+3.43, +3.424,+10.243,+0.937
1768832520,+3.43, +3.404,+10.317,+0.937
1768833120,+3.43, +3.414,+10.385,+0.938
1768833720,+3.43, +3.414,+10.343,+0.937
1768834320,+3.43, +3.424,+10.333,+0.937
1768834920,+3.43, +3.424,+10.327,+0.938
1768835520,+3.43, +3.414,+10.326,+0.937
1768836120,+3.43, +3.424,+10.349,+0.937
1768836720,+3.43, +3.414,+10.322,+0.937
1768837320,+3.43, +3.404,+10.416,+0.937
1768837920,+3.43, +3.404,+10.448,+0.938
1768838520,+3.43, +3.404,+10.342,+0.938
1768839120,+3.43, +3.424,+10.252,+0.938
1768839720,+3.43, +3.455,+10.184,+0.938
1768840320,+3.43, +3.383,+10.483,+0.938
1768840920,+3.43, +3.414,+10.350,+0.938
1768841520,+3.43, +3.383,+10.390,+0.937
1768842120,+3.43, +3.404,+10.336,+0.937
1768842720,+3.43, +3.331,+10.468,+0.937
1768843320,+3.43, +3.373,+10.324,+0.938
1768843920,+3.43, +3.362,+10.388,+0.937
1768844520,+3.43, +3.383,+10.409,+0.938
1768845120,+3.43, +3.383,+10.399,+0.937
1768845720,+3.43, +3.362,+10.371,+0.937
1768846320,+3.43, +3.362,+10.387,+0.937
1768846920,+3.43, +3.352,+10.417,+0.938
1768847520,+3.43, +3.362,+10.420,+0.938
1768848120,+3.43, +3.342,+10.408,+0.937
1768848720,+3.43, +3.352,+10.283,+0.937
1768849320,+3.43, +3.362,+10.344,+0.938
1768849920,+3.43, +3.290,+10.401,+0.937
1768850520,+3.43, +3.362,+10.286,+0.937
1768851120,+3.43, +3.362,+10.235,+0.937
1768851720,+3.43, +3.414,+10.258,+0.938
1768852320,+3.43, +3.424,+10.265,+0.938
1768852920,+3.43, +3.414,+10.230,+0.938
1768853520,+3.43, +3.445,+10.117,+0.938
1768854120,+3.43, +3.424,+10.225,+0.937
1768854720,+3.43, +3.434,+10.221,+0.937
1768855320,+3.43, +3.424,+10.192,+0.938
1768855920,+3.43, +3.424,+10.252,+0.937
1768856520,+3.43, +3.424,+10.281,+0.938
1768857120,+3.43, +3.434,+10.234,+0.937
1768857720,+3.43, +3.424,+10.251,+0.937
1768858320,+3.43, +3.455,+10.009,+0.937
1768858920,+3.43, +3.424,+10.192,+0.938
1768859520,+3.43, +3.445,+10.117,+0.938
1768860120,+3.43, +3.414,+10.271,+0.938
1768860720,+3.43, +3.434,+10.128,+0.937
1768861320,+3.43, +3.445,+10.018,+0.938
1768861920,+3.43, +3.465,+10.024,+0.937
1768862520,+3.43, +3.465,+10.081,+0.937
1768863120,+3.43, +3.393,+10.274,+0.938
1768863720,+3.43, +3.414,+10.240,+0.938
1768864320,+3.43, +3.311,+10.385,+0.938
1768864920,+3.43, +3.362,+10.348,+0.937
1768865520,+3.43, +3.311,+10.411,+0.937
1768866120,+3.43, +3.331,+10.362,+0.937
1768866720,+3.43, +3.342,+10.365,+0.937
1768867320,+3.43, +3.321,+10.338,+0.937
1768867920,+3.43, +3.342,+10.365,+0.938
1768868520,+3.43, +3.290,+10.305,+0.937
1768869120,+3.43, +3.300,+10.329,+0.937
1768869720,+3.43, +3.290,+10.331,+0.937
1768870320,+3.43, +3.321,+10.121,+0.938
1768870920,+3.43, +3.290,+10.232,+0.938
1768871520,+3.43, +3.311,+10.260,+0.938
1768872120,+3.43, +3.259,+10.302,+0.938
1768872720,+3.43, +3.269,+10.242,+0.937
1768873320,+3.43, +3.280,+10.064,+0.937
1768873920,+3.43, +3.311,+10.084,+0.937
1768874520,+3.43, +3.311,+10.108,+0.938
1768875120,+3.43, +3.300,+10.197,+0.937
1768875720,+3.43, +3.321,+10.239,+0.937
1768876320,+3.43, +3.321,+10.206,+0.937
1768876920,+3.43, +3.352,+10.197,+0.938
1768877520,+3.43, +3.321,+10.168,+0.937
1768878120,+3.43, +3.342,+10.053,+0.938
1768878720,+3.43, +3.311,+10.022,+0.937
