7450-055639
OS REV: 1.05 Sensor Cal: 1624981093
Time (sec),  BV (Volts),  T (deg C),  DO (mg/l),  Q ()
1767922320,+3.43, +4.333,+10.712,+0.938
1767922920,+3.43, +4.333,+10.764,+0.939
1767923520,+3.43, +4.333,+10.643,+0.938
1767924120,+3.43, +4.333,+10.525,+0.939
1767924720,+3.43, +4.323,+10.354,+0.939
1767925320,+3.43, +4.292,+10.438,+0.939
1767925920,+3.43, +4.333,+10.301,+0.939
1767926520,+3.43, +4.333,+10.332,+0.939
1767927120,+3.43, +4.343,+10.408,+0.939
1767927720,+3.43, +4.323,+10.457,+0.939
1767928320,+3.43, +4.333,+10.435,+0.938
1767928920,+3.43, +4.333,+10.056,+0.939
1767929520,+3.43, +4.323,+10.154,+0.939
1767930120,+3.43, +4.323,+10.500,+0.939
1767930720,+3.43, +4.323,+10.808,+0.939
1767931320,+3.43, +4.313,+10.996,+0.938
1767931920,+3.43, +4.363,+10.905,+0.938
1767932520,+3.43, +4.343,+10.979,+0.939
1767933120,+3.43, +4.333,+11.086,+0.938
1767933720,+3.43, +4.333,+11.185,+0.938
1767934320,+3.43, +4.353,+11.174,+0.938
1767934920,+3.43, +4.343,+11.148,+0.938
1767935520,+3.43, +4.353,+11.096,+0.939
1767936120,+3.43, +4.373,+10.783,+0.939
1767936720,+3.43, +4.373,+10.830,+0.938
1767937320,+3.43, +4.343,+10.953,+0.938
1767937920,+3.43, +4.393,+11.003,+0.939
1767938520,+3.43, +4.363,+10.986,+0.939
1767939120,+3.43, +4.353,+10.947,+0.939
1767939720,+3.43, +4.333,+10.944,+0.939
1767940320,+3.43, +4.333,+10.971,+0.939
1767940920,+3.43, +4.313,+11.034,+0.939
1767941520,+3.43, +4.302,+11.097,+0.939
1767942120,+3.43, +4.323,+11.084,+0.938
1767942720,+3.43, +4.313,+11.131,+0.938
1767943320,+3.43, +4.302,+11.094,+0.938
1767943920,+3.43, +4.292,+11.045,+0.938
1767944520,+3.43, +4.333,+10.923,+0.939
1767945120,+3.43, +4.282,+10.956,+0.939
1767945720,+3.43, +4.302,+10.998,+0.938
1767946320,+3.43, +4.323,+11.002,+0.939
1767946920,+3.43, +4.343,+10.857,+0.938
1767947520,+3.43, +4.292,+10.986,+0.938
1767948120,+3.43, +4.363,+10.867,+0.939
1767948720,+3.43, +4.323,+10.474,+0.938
1767949320,+3.43, +4.323,+10.709,+0.939
1767949920,+3.43, +4.333,+10.831,+0.938
1767950520,+3.43, +4.333,+10.965,+0.938
1767951120,+3.43, +4.333,+11.015,+0.938
1767951720,+3.43, +4.333,+11.076,+0.939
1767952320,+3.43, +4.313,+11.162,+0.939
1767952920,+3.43, +4.302,+11.195,+0.938
1767953520,+3.43, +4.313,+11.217,+0.938
1767954120,+3.43, +4.333,+11.188,+0.938
1767954720,+3.43, +4.323,+11.196,+0.938
1767955320,+3.43, +4.302,+11.184,+0.939
1767955920,+3.43, +4.353,+11.140,+0.938
1767956520,+3.43, +4.333,+11.165,+0.939
1767957120,+3.43, +4.333,+11.135,+0.939
1767957720,+3.43, +4.353,+11.126,+0.938
1767958320,+3.43, +4.353,+11.004,+0.939
1767958920,+3.43, +4.333,+10.964,+0.938
1767959520,+3.43, +4.353,+11.019,+0.939
1767960120,+3.43, +4.363,+11.013,+0.938
1767960720,+3.43, +4.363,+11.002,+0.939
1767961320,+3.43, +4.363,+10.928,+0.939
1767961920,+3.43, +4.363,+10.878,+0.939
1767962520,+3.43, +4.353,+10.915,+0.938
1767963120,+3.43, +4.353,+10.972,+0.938
1767963720,+3.43, +4.363,+10.981,+0.939
1767964320,+3.43, +4.373,+10.974,+0.938
1767964920,+3.43, +4.404, +9.736,+0.939
1767965520,+3.43, +4.444, +9.711,+0.939
1767966120,+3.43, +4.444, +9.642,+0.939
1767966720,+3.43, +4.424, +9.123,+0.939
1767967320,+3.43, +4.424, +8.993,+0.939
1767967920,+3.43, +4.424, +9.183,+0.939
1767968520,+3.43, +4.404, +9.503,+0.939
1767969120,+3.43, +4.393, +9.604,+0.939
1767969720,+3.43, +4.373, +9.991,+0.939
1767970320,+3.43, +4.383,+10.107,+0.939
1767970920,+3.43, +4.373,+10.014,+0.939
1767971520,+3.43, +4.363,+10.419,+0.938
1767972120,+3.43, +4.353,+10.789,+0.939
1767972720,+3.43, +4.333,+10.878,+0.939
1767973320,+3.43, +4.363,+10.912,+0.939
1767973920,+3.43, +4.383,+10.859,+0.939
1767974520,+3.43, +4.383,+10.639,+0.938
1767975120,+3.43, +4.393,+10.544,+0.939
1767975720,+3.43, +4.393,+10.274,+0.939
1767976320,+3.43, +4.393, +9.623,+0.939
1767976920,+3.43, +4.383, +9.336,+0.939
1767977520,+3.43, +4.373, +9.704,+0.939
1767978120,+3.43, +4.404, +9.991,+0.939
1767978720,+3.43, +4.404, +9.797,+0.939
1767979320,+3.43, +4.404, +9.517,+0.939
1767979920,+3.43, +4.404, +9.522,+0.939
1767980520,+3.43, +4.393, +9.732,+0.939
1767981120,+3.43, +4.383, +9.824,+0.939
1767981720,+3.43, +4.404,+10.227,+0.939
1767982320,+3.43, +4.414,+10.082,+0.939
1767982920,+3.43, +4.383,+10.174,+0.939
1767983520,+3.43, +4.383,+10.267,+0.939
1767984120,+3.43, +4.404,+10.233,+0.939
1767984720,+3.43, +4.383,+10.200,+0.939
1767985320,+3.43, +4.424,+10.182,+0.939
1767985920,+3.43, +4.404, +9.964,+0.939
1767986520,+3.43, +4.414, +9.361,+0.939
1767987120,+3.43, +4.424, +9.392,+0.939
1767987720,+3.43, +4.424, +9.492,+0.939
1767988320,+3.43, +4.434, +9.554,+0.939
1767988920,+3.43, +4.414, +9.576,+0.939
1767989520,+3.43, +4.424, +9.655,+0.939
1767990120,+3.43, +4.434, +9.597,+0.939
1767990720,+3.43, +4.444, +9.360,+0.939
1767991320,+3.43, +4.434, +9.199,+0.939
1767991920,+3.43, +4.444, +8.445,+0.939
1767992520,+3.43, +4.434, +8.218,+0.940
1767993120,+3.43, +4.444, +8.612,+0.940
1767993720,+3.43, +4.454, +7.725,+0.940
1767994320,+3.43, +4.434, +8.228,+0.940
1767994920,+3.43, +4.383, +9.309,+0.939
1767995520,+3.43, +4.404, +9.781,+0.939
1767996120,+3.43, +4.424, +9.874,+0.939
1767996720,+3.43, +4.404, +9.569,+0.939
1767997320,+3.43, +4.414, +9.371,+0.939
1767997920,+3.43, +4.414, +9.251,+0.939
1767998520,+3.43, +4.434, +8.944,+0.939
1767999120,+3.43, +4.434, +9.016,+0.939
1767999720,+3.43, +4.424, +9.061,+0.939
1768000320,+3.43, +4.424, +9.018,+0.939
1768000920,+3.43, +4.454, +9.151,+0.939
1768001520,+3.43, +4.454, +9.279,+0.939
1768002120,+3.43, +4.454, +9.402,+0.939
1768002720,+3.43, +4.464, +9.455,+0.939
1768003320,+3.43, +4.454, +9.394,+0.939
1768003920,+3.43, +4.434, +9.263,+0.939
1768004520,+3.43, +4.454, +9.168,+0.939
1768005120,+3.43, +4.414, +9.353,+0.939
1768005720,+3.43, +4.414, +9.324,+0.939
1768006320,+3.43, +4.404, +9.196,+0.939
1768006920,+3.43, +4.363, +9.552,+0.939
1768007520,+3.43, +4.393,+10.238,+0.939
1768008120,+3.43, +4.444, +7.590,+0.940
1768008720,+3.43, +4.434, +7.697,+0.940
