7450-055639
OS REV: 1.05 Sensor Cal: 1624981093
Time (sec),  BV (Volts),  T (deg C),  DO (mg/l),  Q ()
1769923320,+3.44, +4.161, +7.092,+0.940
1769923920,+3.44, +4.161, +7.126,+0.940
1769924520,+3.44, +4.181, +7.151,+0.940
1769925120,+3.44, +4.171, +7.156,+0.940
1769925720,+3.44, +4.181, +7.184,+0.940
1769926320,+3.44, +4.191, +6.970,+0.941
1769926920,+3.44, +4.171, +7.022,+0.941
1769927520,+3.44, +4.171, +7.081,+0.940
1769928120,+3.44, +4.201, +7.086,+0.940
1769928720,+3.44, +4.181, +6.995,+0.940
1769929320,+3.44, +4.181, +7.024,+0.941
1769929920,+3.44, +4.201, +7.038,+0.940
1769930520,+3.44, +4.171, +7.069,+0.941
1769931120,+3.44, +4.191, +7.080,+0.940
1769931720,+3.44, +4.181, +7.076,+0.941
1769932320,+3.44, +4.171, +7.112,+0.941
1769932920,+3.44, +4.181, +7.117,+0.940
1769933520,+3.44, +4.171, +7.112,+0.941
1769934120,+3.44, +4.191, +7.099,+0.940
1769934720,+3.44, +4.191, +7.027,+0.941
1769935320,+3.44, +4.171, +7.059,+0.940
1769935920,+3.44, +4.201, +7.054,+0.940
1769936520,+3.44, +4.181, +7.078,+0.940
1769937120,+3.44, +4.191, +7.084,+0.940
1769937720,+3.44, +4.181, +7.096,+0.940
1769938320,+3.44, +4.181, +7.086,+0.940
1769938920,+3.44, +4.181, +7.073,+0.941
1769939520,+3.44, +4.181, +7.074,+0.941
1769940120,+3.44, +4.191, +7.064,+0.941
1769940720,+3.44, +4.181, +7.055,+0.940
1769941320,+3.44, +4.191, +7.029,+0.941
1769941920,+3.44, +4.191, +7.022,+0.941
1769942520,+3.44, +4.201, +7.034,+0.941
1769943120,+3.44, +4.181, +7.021,+0.941
1769943720,+3.44, +4.181, +7.044,+0.941
1769944320,+3.44, +4.161, +7.083,+0.940
1769944920,+3.44, +4.191, +7.108,+0.941
1769945520,+3.44, +4.171, +7.118,+0.941
1769946120,+3.44, +4.181, +7.125,+0.940
1769946720,+3.44, +4.171, +7.142,+0.940
1769947320,+3.44, +4.181, +7.147,+0.940
1769947920,+3.44, +4.171, +7.137,+0.941
1769948520,+3.44, +4.181, +7.168,+0.940
1769949120,+3.44, +4.181, +7.176,+0.940
1769949720,+3.44, +4.201, +7.174,+0.940
1769950320,+3.44, +4.161, +7.276,+0.940
1769950920,+3.44, +4.171, +7.322,+0.940
1769951520,+3.44, +4.181, +7.351,+0.940
1769952120,+3.44, +4.181, +7.334,+0.940
1769952720,+3.44, +4.161, +7.386,+0.940
1769953320,+3.44, +4.150, +7.437,+0.940
1769953920,+3.44, +4.150, +7.597,+0.940
1769954520,+3.44, +4.150, +7.514,+0.940
1769955120,+3.44, +4.150, +7.525,+0.940
1769955720,+3.44, +4.120, +7.562,+0.940
1769956320,+3.44, +4.171, +7.563,+0.940
1769956920,+3.44, +4.161, +7.529,+0.940
1769957520,+3.44, +4.150, +7.466,+0.940
1769958120,+3.44, +4.140, +7.467,+0.940
1769958720,+3.44, +4.140, +7.302,+0.940
1769959320,+3.44, +4.171, +7.258,+0.940
1769959920,+3.44, +4.161, +7.322,+0.941
1769960520,+3.44, +4.181, +7.311,+0.940
1769961120,+3.44, +4.150, +7.378,+0.940
1769961720,+3.44, +4.171, +7.337,+0.940
1769962320,+3.44, +4.161, +7.275,+0.941
1769962920,+3.44, +4.181, +7.244,+0.940
1769963520,+3.44, +4.181, +7.222,+0.940
1769964120,+3.44, +4.161, +7.196,+0.940
1769964720,+3.44, +4.181, +7.184,+0.940
1769965320,+3.44, +4.161, +7.157,+0.941
1769965920,+3.44, +4.181, +7.208,+0.940
1769966520,+3.44, +4.181, +7.160,+0.940
1769967120,+3.44, +4.191, +7.070,+0.940
1769967720,+3.44, +4.191, +7.022,+0.941
1769968320,+3.44, +4.150, +7.191,+0.940
1769968920,+3.44, +4.171, +7.287,+0.940
1769969520,+3.44, +4.161, +7.332,+0.940
1769970120,+3.44, +4.181, +7.291,+0.940
1769970720,+3.44, +4.181, +7.225,+0.940
1769971320,+3.44, +4.171, +7.209,+0.941
1769971920,+3.44, +4.181, +7.188,+0.941
1769972520,+3.44, +4.201, +7.158,+0.941
1769973120,+3.44, +4.191, +7.172,+0.940
1769973720,+3.44, +4.181, +7.209,+0.940
1769974320,+3.44, +4.171, +7.037,+0.941
1769974920,+3.44, +4.191, +7.167,+0.941
1769975520,+3.44, +4.161, +7.348,+0.941
1769976120,+3.44, +4.191, +7.270,+0.940
1769976720,+3.44, +4.161, +7.114,+0.940
1769977320,+3.44, +4.171, +7.058,+0.940
1769977920,+3.44, +4.171, +7.193,+0.940
1769978520,+3.44, +4.161, +7.313,+0.940
1769979120,+3.44, +4.161, +7.319,+0.940
1769979720,+3.44, +4.221, +7.140,+0.940
1769980320,+3.44, +4.181, +7.181,+0.941
1769980920,+3.44, +4.181, +7.276,+0.940
1769981520,+3.44, +4.150, +7.252,+0.940
1769982120,+3.44, +4.161, +7.279,+0.940
1769982720,+3.44, +4.171, +7.259,+0.940
1769983320,+3.44, +4.201, +7.147,+0.941
1769983920,+3.44, +4.181, +7.148,+0.940
1769984520,+3.44, +4.171, +7.228,+0.940
1769985120,+3.44, +4.150, +7.280,+0.940
1769985720,+3.44, +4.171, +7.229,+0.940
1769986320,+3.44, +4.171, +7.144,+0.940
1769986920,+3.44, +4.181, +7.172,+0.940
1769987520,+3.44, +4.181, +7.169,+0.941
1769988120,+3.44, +4.161, +7.166,+0.940
1769988720,+3.44, +4.171, +7.103,+0.941
1769989320,+3.44, +4.181, +7.080,+0.941
1769989920,+3.44, +4.161, +7.102,+0.941
1769990520,+3.44, +4.171, +7.186,+0.940
1769991120,+3.44, +4.201, +7.134,+0.940
1769991720,+3.44, +4.171, +7.142,+0.940
1769992320,+3.44, +4.181, +7.235,+0.941
1769992920,+3.44, +4.171, +7.267,+0.940
1769993520,+3.44, +4.171, +7.236,+0.940
1769994120,+3.44, +4.171, +7.200,+0.941
1769994720,+3.44, +4.171, +7.165,+0.940
1769995320,+3.44, +4.171, +7.151,+0.941
1769995920,+3.44, +4.171, +7.226,+0.940
1769996520,+3.44, +4.191, +7.151,+0.940
1769997120,+3.44, +4.191, +7.165,+0.940
1769997720,+3.44, +4.191, +7.062,+0.940
1769998320,+3.44, +4.191, +7.073,+0.941
1769998920,+3.44, +4.171, +7.172,+0.941
1769999520,+3.44, +4.150, +7.272,+0.940
1770000120,+3.44, +4.161, +7.222,+0.940
1770000720,+3.44, +4.171, +7.238,+0.941
1770001320,+3.44, +4.171, +7.206,+0.940
1770001920,+3.44, +4.171, +7.237,+0.940
1770002520,+3.44, +4.161, +7.173,+0.940
1770003120,+3.44, +4.191, +7.136,+0.941
1770003720,+3.44, +4.191, +7.130,+0.940
1770004320,+3.44, +4.181, +7.165,+0.940
1770004920,+3.44, +4.191, +7.220,+0.940
1770005520,+3.44, +4.191, +7.199,+0.940
1770006120,+3.44, +4.161, +7.177,+0.941
1770006720,+3.44, +4.191, +7.197,+0.941
1770007320,+3.44, +4.150, +7.312,+0.941
1770007920,+3.44, +4.181, +7.247,+0.940
1770008520,+3.44, +4.171, +7.272,+0.940
1770009120,+3.44, +4.171, +7.356,+0.940
1770009720,+3.44, +4.150, +7.245,+0.940
