7450-055639
OS REV: 1.05 Sensor Cal: 1624981093
Time (sec),  BV (Volts),  T (deg C),  DO (mg/l),  Q ()
1767313320,+3.43, +4.079,+11.150,+0.938
1767313920,+3.43, +4.079,+11.365,+0.938
1767314520,+3.43, +4.100,+11.403,+0.938
1767315120,+3.43, +4.079,+11.000,+0.938
1767315720,+3.43, +4.079,+10.592,+0.938
1767316320,+3.43, +4.079,+11.010,+0.938
1767316920,+3.43, +4.140,+10.420,+0.939
1767317520,+3.43, +4.120,+10.295,+0.939
1767318120,+3.43, +4.100,+10.331,+0.938
1767318720,+3.43, +4.069,+10.702,+0.938
1767319320,+3.43, +4.059,+10.754,+0.938
1767319920,+3.43, +4.059,+10.775,+0.938
1767320520,+3.43, +4.039,+10.819,+0.938
1767321120,+3.43, +4.018,+10.796,+0.938
1767321720,+3.43, +4.028,+10.842,+0.938
1767322320,+3.43, +4.008,+10.904,+0.938
1767322920,+3.43, +3.967,+10.949,+0.938
1767323520,+3.43, +4.008,+10.975,+0.938
1767324120,+3.43, +4.130,+10.110,+0.938
1767324720,+3.43, +4.120, +9.935,+0.939
1767325320,+3.43, +4.140, +9.569,+0.938
1767325920,+3.43, +4.150, +9.179,+0.939
1767326520,+3.43, +4.171, +9.441,+0.939
1767327120,+3.43, +4.120, +9.583,+0.939
1767327720,+3.43, +4.140, +9.658,+0.939
1767328320,+3.43, +4.140, +9.614,+0.939
1767328920,+3.43, +4.089,+10.061,+0.938
1767329520,+3.43, +4.059,+10.428,+0.938
1767330120,+3.43, +4.100,+10.709,+0.938
1767330720,+3.43, +4.059,+10.914,+0.938
1767331320,+3.43, +4.069,+10.713,+0.938
1767331920,+3.43, +4.089,+10.842,+0.938
1767332520,+3.43, +4.089,+10.897,+0.938
1767333120,+3.43, +4.100,+10.844,+0.938
1767333720,+3.43, +4.089,+10.828,+0.938
1767334320,+3.43, +4.089,+10.750,+0.939
1767334920,+3.43, +4.069,+10.779,+0.938
1767335520,+3.43, +4.100,+10.784,+0.938
1767336120,+3.43, +4.110,+10.658,+0.938
1767336720,+3.43, +4.079,+10.120,+0.938
1767337320,+3.43, +4.069,+10.304,+0.938
1767337920,+3.43, +4.059,+10.443,+0.938
1767338520,+3.43, +4.079, +9.867,+0.939
1767339120,+3.43, +4.049,+10.162,+0.938
1767339720,+3.43, +4.049,+10.205,+0.938
1767340320,+3.43, +4.049,+10.144,+0.938
1767340920,+3.43, +4.018,+10.077,+0.938
1767341520,+3.43, +4.049,+10.267,+0.939
1767342120,+3.43, +4.028,+10.591,+0.938
1767342720,+3.43, +4.008,+10.467,+0.938
1767343320,+3.43, +3.988,+10.701,+0.938
1767343920,+3.43, +4.018,+10.710,+0.938
1767344520,+3.43, +3.998,+10.668,+0.938
1767345120,+3.43, +3.998,+10.666,+0.938
1767345720,+3.43, +3.998,+11.029,+0.938
1767346320,+3.43, +4.018,+10.852,+0.938
1767346920,+3.43, +4.028,+10.887,+0.938
1767347520,+3.43, +3.988,+10.934,+0.938
1767348120,+3.43, +3.998,+10.971,+0.938
1767348720,+3.43, +3.988,+11.014,+0.938
1767349320,+3.43, +4.028,+10.444,+0.938
1767349920,+3.43, +4.059, +9.745,+0.938
1767350520,+3.43, +4.039, +9.875,+0.938
1767351120,+3.43, +4.110, +9.220,+0.938
1767351720,+3.43, +3.998, +9.544,+0.939
1767352320,+3.43, +3.998, +9.917,+0.938
1767352920,+3.43, +4.028, +9.061,+0.939
1767353520,+3.43, +4.059, +9.559,+0.938
1767354120,+3.43, +4.079, +9.409,+0.939
1767354720,+3.43, +4.039, +9.253,+0.939
1767355320,+3.43, +3.998, +9.181,+0.939
1767355920,+3.43, +3.977, +9.455,+0.938
1767356520,+3.43, +3.957, +9.824,+0.939
1767357120,+3.43, +3.957,+10.010,+0.938
1767357720,+3.43, +3.937,+10.204,+0.938
1767358320,+3.43, +3.875,+10.595,+0.938
1767358920,+3.43, +3.804,+11.298,+0.938
1767359520,+3.43, +3.743,+11.469,+0.938
1767360120,+3.43, +3.814,+11.257,+0.938
1767360720,+3.43, +3.865,+11.287,+0.938
1767361320,+3.43, +3.886,+11.290,+0.938
1767361920,+3.43, +3.906,+11.335,+0.938
1767362520,+3.43, +3.926,+11.266,+0.938
1767363120,+3.43, +3.926,+11.338,+0.938
1767363720,+3.43, +3.926,+11.248,+0.938
1767364320,+3.43, +3.845,+11.387,+0.938
1767364920,+3.43, +3.875,+11.341,+0.938
1767365520,+3.43, +3.896,+11.217,+0.938
1767366120,+3.43, +3.835,+11.455,+0.938
1767366720,+3.43, +3.855,+11.405,+0.938
1767367320,+3.43, +3.835,+11.460,+0.938
1767367920,+3.43, +3.804,+11.460,+0.938
1767368520,+3.43, +3.702,+11.589,+0.938
1767369120,+3.43, +3.609,+11.718,+0.937
1767369720,+3.43, +3.599,+11.753,+0.937
1767370320,+3.43, +3.620,+11.770,+0.938
1767370920,+3.43, +3.650,+11.717,+0.938
1767371520,+3.43, +3.599,+11.814,+0.938
1767372120,+3.43, +3.609,+11.763,+0.938
1767372720,+3.43, +3.630,+11.849,+0.938
1767373320,+3.43, +3.671,+11.844,+0.938
1767373920,+3.43, +3.681,+11.863,+0.937
1767374520,+3.43, +3.691,+11.887,+0.937
1767375120,+3.43, +3.712,+11.856,+0.937
1767375720,+3.43, +3.732,+11.857,+0.938
1767376320,+3.43, +3.732,+11.822,+0.938
1767376920,+3.43, +3.753,+11.818,+0.938
1767377520,+3.43, +3.794,+11.838,+0.938
1767378120,+3.43, +3.794,+11.806,+0.937
1767378720,+3.43, +3.794,+11.866,+0.938
1767379320,+3.43, +3.794,+11.891,+0.937
1767379920,+3.43, +3.845,+11.856,+0.938
1767380520,+3.43, +3.814,+11.871,+0.938
1767381120,+3.43, +3.845,+11.861,+0.937
1767381720,+3.43, +3.835,+11.889,+0.938
1767382320,+3.43, +3.835,+11.916,+0.938
1767382920,+3.43, +3.875,+11.873,+0.938
1767383520,+3.43, +3.845,+11.892,+0.938
1767384120,+3.43, +3.845,+11.899,+0.938
1767384720,+3.43, +3.875,+11.895,+0.937
1767385320,+3.43, +3.865,+11.903,+0.938
1767385920,+3.43, +3.875,+11.899,+0.938
1767386520,+3.43, +3.865,+11.894,+0.938
1767387120,+3.43, +3.875,+11.856,+0.938
1767387720,+3.43, +3.875,+11.865,+0.938
1767388320,+3.43, +3.875,+11.862,+0.938
1767388920,+3.43, +3.855,+11.849,+0.937
1767389520,+3.43, +3.875,+11.839,+0.937
1767390120,+3.43, +3.875,+11.870,+0.938
1767390720,+3.43, +3.875,+11.851,+0.938
1767391320,+3.43, +3.886,+11.868,+0.938
1767391920,+3.43, +3.896,+11.879,+0.938
1767392520,+3.43, +3.875,+11.887,+0.938
1767393120,+3.43, +3.896,+11.814,+0.938
1767393720,+3.43, +3.896,+11.851,+0.938
1767394320,+3.43, +3.906,+11.815,+0.938
1767394920,+3.43, +3.926,+11.790,+0.938
1767395520,+3.43, +3.896,+11.847,+0.938
1767396120,+3.43, +3.906,+11.840,+0.938
1767396720,+3.43, +3.906,+11.861,+0.938
1767397320,+3.43, +3.906,+11.849,+0.938
1767397920,+3.43, +3.916,+11.835,+0.938
1767398520,+3.43, +3.916,+11.742,+0.938
1767399120,+3.43, +3.926,+11.699,+0.937
1767399720,+3.43, +3.906,+11.798,+0.937
