7450-055639
OS REV: 1.05 Sensor Cal: 1624981093
Time (sec),  BV (Volts),  T (deg C),  DO (mg/l),  Q ()
1771141320,+3.44, +4.615, +3.388,+0.942
1771141920,+3.44, +4.565, +3.345,+0.943
1771142520,+3.44, +4.555, +3.302,+0.943
1771143120,+3.44, +4.555, +3.290,+0.943
1771143720,+3.44, +4.545, +3.301,+0.942
1771144320,+3.44, +4.565, +3.316,+0.942
1771144920,+3.44, +4.515, +3.293,+0.943
1771145520,+3.44, +4.515, +3.310,+0.943
1771146120,+3.44, +4.525, +3.403,+0.943
1771146720,+3.44, +4.525, +3.449,+0.943
1771147320,+3.44, +4.535, +3.588,+0.943
1771147920,+3.44, +4.525, +3.603,+0.942
1771148520,+3.44, +4.505, +3.562,+0.942
1771149120,+3.44, +4.505, +3.521,+0.943
1771149720,+3.44, +4.484, +3.484,+0.943
1771150320,+3.44, +4.494, +3.426,+0.943
1771150920,+3.44, +4.484, +3.423,+0.943
1771151520,+3.44, +4.505, +3.426,+0.943
1771152120,+3.44, +4.525, +3.441,+0.943
1771152720,+3.44, +4.474, +3.482,+0.943
1771153320,+3.44, +4.484, +3.591,+0.943
1771153920,+3.44, +4.464, +3.721,+0.943
1771154520,+3.44, +4.484, +3.925,+0.942
1771155120,+3.44, +4.494, +3.934,+0.942
1771155720,+3.44, +4.525, +3.889,+0.943
1771156320,+3.44, +4.525, +3.859,+0.943
1771156920,+3.44, +4.535, +3.791,+0.942
1771157520,+3.44, +4.535, +3.738,+0.943
1771158120,+3.44, +4.545, +3.699,+0.943
1771158720,+3.44, +4.555, +3.663,+0.942
1771159320,+3.44, +4.535, +3.606,+0.943
1771159920,+3.44, +4.535, +3.576,+0.943
1771160520,+3.44, +4.515, +3.528,+0.943
1771161120,+3.44, +4.515, +3.529,+0.943
1771161720,+3.44, +4.535, +3.734,+0.943
1771162320,+3.44, +4.555, +3.777,+0.943
1771162920,+3.44, +4.525, +3.798,+0.943
1771163520,+3.44, +4.515, +3.785,+0.943
1771164120,+3.44, +4.494, +3.748,+0.943
1771164720,+3.44, +4.505, +3.754,+0.943
1771165320,+3.44, +4.525, +3.782,+0.942
1771165920,+3.44, +4.515, +3.786,+0.943
1771166520,+3.44, +4.494, +3.750,+0.942
1771167120,+3.44, +4.505, +3.760,+0.943
1771167720,+3.44, +4.494, +3.840,+0.942
1771168320,+3.44, +4.505, +3.866,+0.942
1771168920,+3.44, +4.525, +3.677,+0.943
1771169520,+3.44, +4.525, +3.704,+0.943
1771170120,+3.44, +4.505, +3.699,+0.943
1771170720,+3.44, +4.535, +3.585,+0.943
1771171320,+3.44, +4.505, +3.552,+0.943
1771171920,+3.44, +4.535, +3.535,+0.943
1771172520,+3.44, +4.515, +3.560,+0.942
1771173120,+3.44, +4.484, +3.570,+0.943
1771173720,+3.44, +4.515, +3.570,+0.943
1771174320,+3.44, +4.484, +3.602,+0.943
1771174920,+3.44, +4.525, +3.602,+0.943
1771175520,+3.44, +4.474, +3.614,+0.942
1771176120,+3.44, +4.494, +3.705,+0.942
1771176720,+3.44, +4.474, +3.811,+0.943
1771177320,+3.44, +4.474, +3.784,+0.943
1771177920,+3.44, +4.484, +3.767,+0.943
1771178520,+3.44, +4.505, +3.766,+0.943
1771179120,+3.44, +4.515, +3.712,+0.942
1771179720,+3.44, +4.535, +3.697,+0.943
1771180320,+3.44, +4.525, +3.704,+0.943
1771180920,+3.44, +4.525, +3.688,+0.943
1771181520,+3.44, +4.545, +3.695,+0.942
1771182120,+3.44, +4.545, +3.725,+0.942
1771182720,+3.44, +4.535, +3.757,+0.943
1771183320,+3.44, +4.545, +3.643,+0.942
1771183920,+3.44, +4.525, +3.669,+0.943
1771184520,+3.44, +4.535, +3.602,+0.943
1771185120,+3.44, +4.545, +3.485,+0.943
1771185720,+3.44, +4.545, +3.396,+0.943
1771186320,+3.44, +4.565, +3.397,+0.943
1771186920,+3.44, +4.545, +3.366,+0.943
1771187520,+3.44, +4.555, +3.320,+0.943
1771188120,+3.44, +4.565, +3.270,+0.942
1771188720,+3.44, +4.575, +3.246,+0.942
1771189320,+3.44, +4.555, +3.226,+0.942
1771189920,+3.44, +4.545, +3.255,+0.943
1771190520,+3.44, +4.525, +3.544,+0.943
1771191120,+3.44, +4.545, +3.616,+0.943
1771191720,+3.44, +4.525, +3.656,+0.943
1771192320,+3.44, +4.555, +3.637,+0.942
1771192920,+3.44, +4.545, +3.638,+0.943
1771193520,+3.44, +4.535, +3.619,+0.943
1771194120,+3.44, +4.515, +3.580,+0.942
1771194720,+3.44, +4.555, +3.477,+0.943
1771195320,+3.44, +4.525, +3.437,+0.943
1771195920,+3.44, +4.525, +3.390,+0.943
1771196520,+3.44, +4.555, +3.389,+0.943
1771197120,+3.44, +4.565, +3.440,+0.943
1771197720,+3.44, +4.535, +3.424,+0.943
1771198320,+3.44, +4.515, +3.542,+0.943
1771198920,+3.44, +4.555, +3.563,+0.943
1771199520,+3.44, +4.565, +3.520,+0.943
1771200120,+3.44, +4.585, +3.457,+0.943
1771200720,+3.44, +4.575, +3.459,+0.943
1771201320,+3.44, +4.595, +3.481,+0.943
1771201920,+3.44, +4.595, +3.390,+0.943
1771202520,+3.44, +4.575, +3.395,+0.942
1771203120,+3.44, +4.565, +3.413,+0.943
1771203720,+3.44, +4.595, +3.521,+0.943
1771204320,+3.44, +4.575, +3.517,+0.943
1771204920,+3.44, +4.565, +3.545,+0.943
1771205520,+3.44, +4.565, +3.527,+0.943
1771206120,+3.44, +4.545, +3.513,+0.943
1771206720,+3.44, +4.515, +3.519,+0.943
1771207320,+3.44, +4.545, +3.441,+0.943
1771207920,+3.44, +4.565, +3.372,+0.943
1771208520,+3.44, +4.525, +3.356,+0.942
1771209120,+3.44, +4.505, +3.353,+0.942
1771209720,+3.44, +4.505, +3.482,+0.943
1771210320,+3.44, +4.525, +3.559,+0.943
1771210920,+3.44, +4.525, +3.592,+0.943
1771211520,+3.44, +4.515, +3.587,+0.943
1771212120,+3.44, +4.535, +3.645,+0.943
1771212720,+3.44, +4.525, +3.705,+0.943
1771213320,+3.44, +4.535, +3.645,+0.943
1771213920,+3.44, +4.515, +3.609,+0.943
1771214520,+3.44, +4.535, +3.547,+0.943
1771215120,+3.44, +4.525, +3.535,+0.943
1771215720,+3.44, +4.515, +3.521,+0.943
1771216320,+3.44, +4.525, +3.508,+0.943
1771216920,+3.44, +4.535, +3.511,+0.943
1771217520,+3.44, +4.545, +3.503,+0.943
1771218120,+3.44, +4.545, +3.504,+0.943
1771218720,+3.44, +4.535, +3.493,+0.943
1771219320,+3.44, +4.535, +3.495,+0.943
1771219920,+3.44, +4.525, +3.675,+0.942
1771220520,+3.44, +4.525, +3.650,+0.943
1771221120,+3.44, +4.545, +3.597,+0.943
1771221720,+3.44, +4.515, +3.580,+0.943
1771222320,+3.44, +4.535, +3.539,+0.943
1771222920,+3.44, +4.505, +3.529,+0.943
1771223520,+3.44, +4.535, +3.577,+0.943
1771224120,+3.44, +4.535, +3.564,+0.942
1771224720,+3.44, +4.525, +3.560,+0.943
1771225320,+3.44, +4.505, +3.571,+0.943
1771225920,+3.44, +4.525, +3.545,+0.943
1771226520,+3.44, +4.505, +3.624,+0.942
1771227120,+3.44, +4.515, +3.632,+0.943
1771227720,+3.44, +4.484, +3.711,+0.942
