7450-055639
OS REV: 1.05 Sensor Cal: 1624981093
Time (sec),  BV (Volts),  T (deg C),  DO (mg/l),  Q ()
1772794320,+3.44, +4.796, +1.443,+0.928
1772794920,+3.44, +4.786, +1.470,+0.928
1772795520,+3.44, +4.796, +1.481,+0.928
1772796120,+3.44, +4.806, +1.040,+0.915
1772796720,+3.44, +4.816, +1.373,+0.926
1772797320,+3.44, +4.806, +1.356,+0.929
1772797920,+3.44, +4.826, +1.291,+0.930
1772798520,+3.44, +4.806, +1.250,+0.930
1772799120,+3.44, +4.826, +1.255,+0.929
1772799720,+3.44, +4.826, +1.323,+0.927
1772800320,+3.44, +4.836, +1.366,+0.928
1772800920,+3.44, +4.826, +1.374,+0.929
1772801520,+3.44, +4.856, +1.440,+0.929
1772802120,+3.44, +4.856, +1.472,+0.929
1772802720,+3.44, +4.846, +1.517,+0.929
1772803320,+3.44, +4.846, +0.818,+0.924
1772803920,+3.44, +4.876, +0.590,+0.927
1772804520,+3.44, +4.876, +0.593,+0.927
1772805120,+3.44, +4.876, +0.598,+0.927
1772805720,+3.44, +4.886, +0.598,+0.928
1772806320,+3.44, +4.856, +0.624,+0.928
1772806920,+3.44, +4.836, +0.639,+0.929
1772807520,+3.44, +4.866, +0.650,+0.929
1772808120,+3.44, +4.836, +0.656,+0.929
1772808720,+3.44, +4.846, +0.673,+0.929
1772809320,+3.44, +4.826, +0.663,+0.929
1772809920,+3.44, +4.846, +0.684,+0.930
1772810520,+3.44, +4.846, +0.960,+0.913
1772811120,+3.44, +4.836, +1.040,+0.927
1772811720,+3.44, +4.816, +0.990,+0.929
1772812320,+3.44, +4.856, +0.931,+0.930
1772812920,+3.44, +4.856, +0.895,+0.930
1772813520,+3.44, +4.866, +0.859,+0.930
1772814120,+3.44, +4.856, +0.837,+0.930
1772814720,+3.44, +4.856, +0.825,+0.930
1772815320,+3.44, +4.856, +0.784,+0.930
1772815920,+3.44, +4.866, +0.753,+0.930
1772816520,+3.44, +4.856, +0.735,+0.930
1772817120,+3.44, +4.856, +0.720,+0.930
1772817720,+3.44, +4.846, +0.218,+0.924
1772818320,+3.44, +4.846, +0.143,+0.924
1772818920,+3.44, +4.866, +0.143,+0.924
1772819520,+3.44, +4.846, +0.146,+0.924
1772820120,+3.44, +4.846, +0.146,+0.924
1772820720,+3.44, +4.846, +0.229,+0.925
1772821320,+3.44, +4.846, +0.334,+0.925
1772821920,+3.44, +4.846, +0.360,+0.926
1772822520,+3.44, +4.866, +0.422,+0.926
1772823120,+3.44, +4.836, +0.479,+0.927
1772823720,+3.44, +4.836, +0.503,+0.927
1772824320,+3.44, +4.816, +0.594,+0.928
1772824920,+3.44, +4.826, +0.076,+0.923
1772825520,+3.44, +4.826, +0.108,+0.924
1772826120,+3.44, +4.826, +0.231,+0.924
1772826720,+3.44, +4.866, +0.283,+0.925
1772827320,+3.44, +4.836, +2.086,+0.882
1772827920,+3.44, +4.816, +3.185,+0.887
1772828520,+3.44, +4.826, +2.821,+0.905
1772829120,+3.44, +4.836, +2.500,+0.914
1772829720,+3.44, +4.826, +2.238,+0.919
1772830320,+3.44, +4.786, +2.029,+0.921
1772830920,+3.44, +4.806, +1.892,+0.921
1772831520,+3.44, +4.816, +1.800,+0.923
1772832120,+3.44, +4.826, +0.290,+0.917
1772832720,+3.44, +4.826, +0.477,+0.922
1772833320,+3.44, +4.856, +0.571,+0.922
1772833920,+3.44, +4.876, +0.721,+0.923
1772834520,+3.44, +4.896, +0.833,+0.924
1772835120,+3.44, +4.926, +0.883,+0.925
1772835720,+3.44, +4.926, +1.071,+0.918
1772836320,+3.44, +4.946, +1.546,+0.907
1772836920,+3.44, +4.956, +1.953,+0.899
1772837520,+3.44, +4.946, +2.207,+0.914
1772838120,+3.44, +4.876, +2.259,+0.917
1772838720,+3.44, +4.836, +3.531,+0.902
1772839320,+3.44, +4.806, +1.722,+0.913
1772839920,+3.44, +4.816, +1.274,+0.925
1772840520,+3.44, +4.816, +1.180,+0.928
1772841120,+3.44, +4.756, +1.098,+0.929
1772841720,+3.44, +4.776, +1.187,+0.927
1772842320,+3.44, +4.776, +1.328,+0.923
1772842920,+3.44, +4.766, +1.620,+0.914
1772843520,+3.44, +4.766, +2.053,+0.908
1772844120,+3.44, +4.766, +2.283,+0.917
1772844720,+3.44, +4.766, +2.528,+0.920
1772845320,+3.44, +4.746, +2.724,+0.919
1772845920,+3.44, +4.796, +2.976,+0.924
1772846520,+3.44, +4.796, +0.804,+0.903
1772847120,+3.44, +4.806, +0.897,+0.918
1772847720,+3.44, +4.766, +0.946,+0.923
1772848320,+3.44, +4.796, +0.972,+0.924
1772848920,+3.44, +4.786, +0.980,+0.925
1772849520,+3.44, +4.796, +1.149,+0.928
1772850120,+3.44, +4.786, +1.094,+0.929
1772850720,+3.44, +4.786, +1.131,+0.928
1772851320,+3.44, +4.786, +1.290,+0.922
1772851920,+3.44, +4.786, +1.509,+0.918
1772852520,+3.44, +4.786, +1.846,+0.914
1772853120,+3.44, +4.786, +2.051,+0.911
1772853720,+3.44, +4.786, +1.093,+0.918
1772854320,+3.44, +4.806, +1.173,+0.925
1772854920,+3.44, +4.806, +1.116,+0.925
1772855520,+3.44, +4.806, +1.247,+0.926
1772856120,+3.44, +4.816, +1.253,+0.926
1772856720,+3.44, +4.836, +1.312,+0.925
1772857320,+3.44, +4.826, +1.538,+0.925
1772857920,+3.44, +4.856, +1.608,+0.925
1772858520,+3.44, +4.846, +1.936,+0.925
1772859120,+3.44, +4.846, +1.827,+0.931
1772859720,+3.44, +4.856, +1.646,+0.929
1772860320,+3.44, +4.866, +1.793,+0.927
1772860920,+3.44, +4.856, +1.035,+0.908
1772861520,+3.44, +4.876, +1.155,+0.923
1772862120,+3.44, +4.866, +1.284,+0.927
1772862720,+3.44, +4.876, +1.317,+0.929
1772863320,+3.44, +4.866, +1.438,+0.928
1772863920,+3.44, +4.866, +1.480,+0.928
1772864520,+3.44, +4.856, +1.429,+0.930
1772865120,+3.44, +4.876, +1.460,+0.930
1772865720,+3.44, +4.876, +1.451,+0.930
1772866320,+3.44, +4.876, +1.469,+0.931
1772866920,+3.44, +4.896, +1.413,+0.931
1772867520,+3.44, +4.896, +1.455,+0.932
1772868120,+3.44, +4.906, +0.954,+0.924
1772868720,+3.44, +4.906, +0.683,+0.927
1772869320,+3.44, +4.896, +0.567,+0.928
1772869920,+3.44, +4.926, +0.502,+0.927
1772870520,+3.44, +4.926, +0.473,+0.927
1772871120,+3.44, +4.906, +0.474,+0.927
1772871720,+3.44, +4.916, +0.486,+0.927
1772872320,+3.44, +4.926, +0.496,+0.927
1772872920,+3.44, +4.926, +0.511,+0.928
1772873520,+3.44, +4.926, +0.517,+0.928
1772874120,+3.44, +4.926, +0.498,+0.928
1772874720,+3.44, +4.936, +0.496,+0.928
1772875320,+3.44, +4.906, +0.067,+0.923
1772875920,+3.44, +4.906, +0.109,+0.923
1772876520,+3.44, +4.936, +0.163,+0.924
1772877120,+3.44, +4.946, +0.187,+0.924
1772877720,+3.44, +4.936, +0.210,+0.925
1772878320,+3.44, +4.946, +0.261,+0.925
1772878920,+3.44, +4.916, +3.263,+0.895
1772879520,+3.44, +4.926, +4.315,+0.891
1772880120,+3.44, +4.946, +4.278,+0.900
1772880720,+3.44, +4.946, +3.926,+0.904
