7450-055639
OS REV: 1.05 Sensor Cal: 1624981093
Time (sec),  BV (Volts),  T (deg C),  DO (mg/l),  Q ()
1772272320,+3.44, +4.242, +0.054,+0.923
1772272920,+3.44, +4.221, +0.055,+0.923
1772273520,+3.44, +4.201, +0.057,+0.923
1772274120,+3.44, +4.242, +0.058,+0.923
1772274720,+3.44, +4.211, +0.061,+0.923
1772275320,+3.44, +4.221, +0.061,+0.923
1772275920,+3.44, +4.201, +0.062,+0.923
1772276520,+3.44, +4.211, +0.064,+0.923
1772277120,+3.44, +4.232, +0.068,+0.923
1772277720,+3.44, +4.232, +0.613,+0.919
1772278320,+3.44, +4.232, +0.271,+0.925
1772278920,+3.44, +4.221, +0.108,+0.924
1772279520,+3.44, +4.221, +0.074,+0.923
1772280120,+3.44, +4.221, +0.066,+0.923
1772280720,+3.44, +4.221, +0.065,+0.923
1772281320,+3.44, +4.232, +0.063,+0.923
1772281920,+3.44, +4.221, +0.622,+0.925
1772282520,+3.44, +4.211, +0.683,+0.926
1772283120,+3.44, +4.211, +0.668,+0.926
1772283720,+3.44, +4.201, +0.669,+0.926
1772284320,+3.44, +4.221, +0.642,+0.927
1772284920,+3.44, +4.201, +0.157,+0.923
1772285520,+3.44, +4.221, +0.080,+0.923
1772286120,+3.44, +4.232, +0.064,+0.923
1772286720,+3.44, +4.221, +0.063,+0.923
1772287320,+3.44, +4.232, +0.065,+0.923
1772287920,+3.44, +4.232, +0.071,+0.923
1772288520,+3.44, +4.252, +0.061,+0.923
1772289120,+3.44, +4.232, +0.057,+0.923
1772289720,+3.44, +4.242, +0.057,+0.923
1772290320,+3.44, +4.232, +0.057,+0.923
1772290920,+3.44, +4.221, +0.059,+0.923
1772291520,+3.44, +4.221, +0.062,+0.923
1772292120,+3.44, +4.201, +1.139,+0.916
1772292720,+3.44, +4.221, +0.850,+0.922
1772293320,+3.44, +4.211, +0.912,+0.931
1772293920,+3.44, +4.221, +0.737,+0.930
1772294520,+3.44, +4.201, +0.611,+0.929
1772295120,+3.44, +4.211, +0.484,+0.928
1772295720,+3.44, +4.221, +0.300,+0.926
1772296320,+3.44, +4.211, +0.257,+0.925
1772296920,+3.44, +4.201, +0.148,+0.924
1772297520,+3.44, +4.211, +0.112,+0.924
1772298120,+3.44, +4.211, +0.090,+0.923
1772298720,+3.44, +4.201, +0.076,+0.923
1772299320,+3.44, +4.191, +0.097,+0.923
1772299920,+3.44, +4.201, +0.064,+0.923
1772300520,+3.44, +4.191, +0.055,+0.923
1772301120,+3.44, +4.201, +0.053,+0.923
1772301720,+3.44, +4.171, +0.054,+0.923
1772302320,+3.44, +4.181, +0.058,+0.923
1772302920,+3.44, +4.181, +0.064,+0.923
1772303520,+3.44, +4.211, +0.076,+0.923
1772304120,+3.44, +4.191, +0.080,+0.923
1772304720,+3.44, +4.191, +0.081,+0.923
1772305320,+3.44, +4.181, +0.086,+0.923
1772305920,+3.44, +4.181, +0.133,+0.923
1772306520,+3.44, +4.181, +2.494,+0.914
1772307120,+3.44, +4.211, +2.239,+0.925
1772307720,+3.44, +4.201, +1.664,+0.927
1772308320,+3.44, +4.221, +1.390,+0.928
1772308920,+3.44, +4.221, +1.167,+0.929
1772309520,+3.44, +4.242, +0.998,+0.929
1772310120,+3.44, +4.232, +0.897,+0.930
1772310720,+3.44, +4.211, +0.744,+0.929
1772311320,+3.44, +4.232, +0.660,+0.929
1772311920,+3.44, +4.232, +0.553,+0.928
1772312520,+3.44, +4.272, +0.486,+0.928
1772313120,+3.44, +4.252, +0.414,+0.927
1772313720,+3.44, +4.272, +0.131,+0.923
1772314320,+3.44, +4.242, +0.093,+0.923
1772314920,+3.44, +4.252, +0.075,+0.923
1772315520,+3.44, +4.252, +0.071,+0.923
1772316120,+3.44, +4.262, +0.071,+0.923
1772316720,+3.44, +4.242, +0.074,+0.923
1772317320,+3.44, +4.252, +0.079,+0.923
1772317920,+3.44, +4.232, +0.089,+0.923
1772318520,+3.44, +4.242, +0.095,+0.923
1772319120,+3.44, +4.232, +0.123,+0.924
1772319720,+3.44, +4.232, +0.156,+0.924
1772320320,+3.44, +4.242, +0.886,+0.917
1772320920,+3.44, +4.232, +0.068,+0.923
1772321520,+3.44, +4.242, +0.098,+0.923
1772322120,+3.44, +4.252, +0.180,+0.923
1772322720,+3.44, +4.252, +0.230,+0.924
1772323320,+3.44, +4.242, +0.348,+0.924
1772323920,+3.44, +4.242, +0.569,+0.925
1772324520,+3.44, +4.232, +0.696,+0.925
1772325120,+3.44, +4.242, +0.788,+0.925
1772325720,+3.44, +4.242, +0.905,+0.924
1772326320,+3.44, +4.242, +1.066,+0.921
1772326920,+3.44, +4.242, +1.312,+0.917
1772327520,+3.44, +4.232, +1.500,+0.919
1772328120,+3.44, +4.252, +1.001,+0.894
1772328720,+3.44, +4.252, +1.040,+0.911
1772329320,+3.44, +4.242, +0.812,+0.919
1772329920,+3.44, +4.252, +0.745,+0.920
1772330520,+3.44, +4.252, +0.856,+0.915
1772331120,+3.44, +4.262, +0.998,+0.918
1772331720,+3.44, +4.252, +0.943,+0.928
1772332320,+3.44, +4.282, +0.602,+0.927
1772332920,+3.44, +4.272, +0.498,+0.926
1772333520,+3.44, +4.282, +0.408,+0.926
1772334120,+3.44, +4.272, +0.357,+0.925
1772334720,+3.44, +4.282, +0.291,+0.925
1772335320,+3.44, +4.292, +0.056,+0.923
1772335920,+3.44, +4.272, +0.057,+0.923
1772336520,+3.44, +4.282, +0.057,+0.923
1772337120,+3.44, +4.272, +0.058,+0.923
1772337720,+3.44, +4.282, +0.061,+0.923
1772338320,+3.44, +4.262, +0.065,+0.923
1772338920,+3.44, +4.282, +0.067,+0.923
1772339520,+3.44, +4.302, +0.073,+0.923
1772340120,+3.44, +4.292, +0.080,+0.923
1772340720,+3.44, +4.272, +0.088,+0.923
1772341320,+3.44, +4.302, +0.096,+0.923
1772341920,+3.44, +4.282, +0.112,+0.923
1772342520,+3.44, +4.292, +1.073,+0.910
1772343120,+3.44, +4.302, +0.508,+0.924
1772343720,+3.44, +4.302, +0.513,+0.925
1772344320,+3.44, +4.302, +0.516,+0.926
1772344920,+3.44, +4.272, +0.538,+0.926
1772345520,+3.44, +4.292, +0.529,+0.927
1772346120,+3.44, +4.302, +0.526,+0.927
1772346720,+3.44, +4.292, +0.535,+0.927
1772347320,+3.44, +4.302, +0.519,+0.927
1772347920,+3.44, +4.302, +0.508,+0.927
1772348520,+3.44, +4.313, +0.494,+0.927
1772349120,+3.44, +4.313, +0.484,+0.927
1772349720,+3.44, +4.313, +0.107,+0.923
1772350320,+3.44, +4.302, +0.076,+0.923
1772350920,+3.44, +4.302, +0.066,+0.923
1772351520,+3.44, +4.313, +0.072,+0.923
1772352120,+3.44, +4.292, +0.080,+0.923
1772352720,+3.44, +4.323, +0.084,+0.923
1772353320,+3.44, +4.313, +0.092,+0.923
1772353920,+3.44, +4.313, +0.109,+0.924
1772354520,+3.44, +4.292, +0.140,+0.924
1772355120,+3.44, +4.302, +0.146,+0.924
1772355720,+3.44, +4.302, +0.174,+0.924
1772356320,+3.44, +4.323, +0.238,+0.924
1772356920,+3.44, +4.302, +0.573,+0.912
1772357520,+3.44, +4.302, +1.064,+0.912
1772358120,+3.44, +4.302, +1.425,+0.899
1772358720,+3.44, +4.292, +2.380,+0.884
