7450-055639
OS REV: 1.05 Sensor Cal: 1624981093
Time (sec),  BV (Volts),  T (deg C),  DO (mg/l),  Q ()
1767835320,+3.43, +4.313,+11.534,+0.938
1767835920,+3.43, +4.333,+11.535,+0.938
1767836520,+3.43, +4.333,+11.510,+0.939
1767837120,+3.43, +4.323,+11.447,+0.938
1767837720,+3.43, +4.323,+11.346,+0.938
1767838320,+3.43, +4.302,+11.279,+0.938
1767838920,+3.43, +4.302,+11.313,+0.938
1767839520,+3.43, +4.292,+11.345,+0.938
1767840120,+3.43, +4.302,+11.413,+0.939
1767840720,+3.43, +4.333,+11.402,+0.938
1767841320,+3.43, +4.323,+11.359,+0.938
1767841920,+3.43, +4.333,+11.295,+0.938
1767842520,+3.43, +4.333,+10.816,+0.939
1767843120,+3.43, +4.313,+10.808,+0.939
1767843720,+3.43, +4.262,+11.093,+0.938
1767844320,+3.43, +4.232,+11.108,+0.938
1767844920,+3.43, +4.232,+11.058,+0.938
1767845520,+3.43, +4.201,+10.842,+0.938
1767846120,+3.43, +4.171,+10.943,+0.938
1767846720,+3.43, +4.161,+11.177,+0.939
1767847320,+3.43, +4.120,+11.253,+0.938
1767847920,+3.43, +4.140,+11.276,+0.938
1767848520,+3.43, +4.171,+11.296,+0.939
1767849120,+3.43, +4.100,+11.277,+0.938
1767849720,+3.43, +4.100,+11.340,+0.938
1767850320,+3.43, +4.089,+11.361,+0.938
1767850920,+3.43, +4.089,+11.350,+0.938
1767851520,+3.43, +4.089,+11.343,+0.938
1767852120,+3.43, +4.110,+11.383,+0.938
1767852720,+3.43, +4.079,+11.379,+0.938
1767853320,+3.43, +4.089,+11.393,+0.938
1767853920,+3.43, +4.100,+11.398,+0.938
1767854520,+3.43, +4.100,+11.375,+0.938
1767855120,+3.43, +4.089,+11.336,+0.938
1767855720,+3.43, +4.110,+11.417,+0.938
1767856320,+3.43, +4.120,+11.437,+0.938
1767856920,+3.43, +4.140,+11.373,+0.938
1767857520,+3.43, +4.130,+11.337,+0.938
1767858120,+3.43, +4.130,+11.305,+0.938
1767858720,+3.43, +4.130,+11.321,+0.938
1767859320,+3.43, +4.140,+11.268,+0.938
1767859920,+3.43, +4.110,+11.275,+0.938
1767860520,+3.43, +4.140,+11.275,+0.938
1767861120,+3.43, +4.120,+11.281,+0.938
1767861720,+3.43, +4.140,+11.275,+0.938
1767862320,+3.43, +4.150,+11.251,+0.938
1767862920,+3.43, +4.130,+11.268,+0.938
1767863520,+3.43, +4.171,+11.220,+0.938
1767864120,+3.43, +4.181,+11.277,+0.938
1767864720,+3.43, +4.161,+11.250,+0.939
1767865320,+3.43, +4.161,+11.202,+0.938
1767865920,+3.43, +4.171,+11.212,+0.939
1767866520,+3.43, +4.171,+11.205,+0.938
1767867120,+3.43, +4.161,+11.183,+0.938
1767867720,+3.43, +4.171,+11.170,+0.938
1767868320,+3.43, +4.191,+11.156,+0.938
1767868920,+3.43, +4.211,+11.165,+0.938
1767869520,+3.43, +4.242,+11.160,+0.938
1767870120,+3.43, +4.242,+11.176,+0.938
1767870720,+3.43, +4.262,+11.181,+0.938
1767871320,+3.43, +4.262,+11.243,+0.938
1767871920,+3.43, +4.252,+11.189,+0.938
1767872520,+3.43, +4.232,+11.169,+0.939
1767873120,+3.43, +4.232,+11.204,+0.938
1767873720,+3.43, +4.232,+11.223,+0.938
1767874320,+3.43, +4.262,+11.213,+0.938
1767874920,+3.43, +4.242,+11.170,+0.938
1767875520,+3.43, +4.252,+11.182,+0.939
1767876120,+3.43, +4.282,+11.230,+0.939
1767876720,+3.43, +4.272,+11.199,+0.938
1767877320,+3.43, +4.262,+11.238,+0.938
1767877920,+3.43, +4.252,+11.240,+0.938
1767878520,+3.43, +4.262,+11.322,+0.938
1767879120,+3.43, +4.242,+11.305,+0.938
1767879720,+3.43, +4.232,+11.245,+0.938
1767880320,+3.43, +4.252,+11.224,+0.939
1767880920,+3.43, +4.211,+11.215,+0.938
1767881520,+3.43, +4.232,+11.361,+0.939
1767882120,+3.43, +4.201,+11.251,+0.938
1767882720,+3.43, +4.201,+11.376,+0.938
1767883320,+3.43, +4.211,+11.403,+0.938
1767883920,+3.43, +4.221,+11.380,+0.939
1767884520,+3.43, +4.221,+11.256,+0.938
1767885120,+3.43, +4.201,+11.360,+0.938
1767885720,+3.43, +4.191,+11.438,+0.938
1767886320,+3.43, +4.181,+11.461,+0.938
1767886920,+3.43, +4.211,+11.454,+0.938
1767887520,+3.43, +4.171,+11.428,+0.938
1767888120,+3.43, +4.181,+11.402,+0.938
1767888720,+3.43, +4.161,+11.394,+0.938
1767889320,+3.43, +4.171,+11.370,+0.938
1767889920,+3.43, +4.150,+11.359,+0.938
1767890520,+3.43, +4.161,+11.320,+0.938
1767891120,+3.43, +4.181,+11.298,+0.938
1767891720,+3.43, +4.181,+11.280,+0.938
1767892320,+3.43, +4.171,+11.296,+0.938
1767892920,+3.43, +4.161,+11.308,+0.938
1767893520,+3.43, +4.211,+11.326,+0.938
1767894120,+3.43, +4.252,+11.376,+0.938
1767894720,+3.43, +4.211,+11.426,+0.938
1767895320,+3.43, +4.211,+11.408,+0.939
1767895920,+3.43, +4.252,+11.398,+0.938
1767896520,+3.43, +4.252,+11.368,+0.938
1767897120,+3.43, +4.232,+11.382,+0.939
1767897720,+3.43, +4.232,+11.364,+0.939
1767898320,+3.43, +4.221,+11.353,+0.938
1767898920,+3.43, +4.211,+11.344,+0.938
1767899520,+3.43, +4.242,+11.363,+0.938
1767900120,+3.43, +4.221,+11.402,+0.938
1767900720,+3.43, +4.242,+11.382,+0.938
1767901320,+3.43, +4.242,+11.389,+0.938
1767901920,+3.43, +4.242,+11.376,+0.938
1767902520,+3.43, +4.232,+11.380,+0.939
1767903120,+3.43, +4.252,+11.308,+0.938
1767903720,+3.43, +4.232,+11.337,+0.938
1767904320,+3.43, +4.262,+11.345,+0.939
1767904920,+3.43, +4.262,+11.351,+0.939
1767905520,+3.43, +4.262,+11.400,+0.938
1767906120,+3.43, +4.323,+11.400,+0.938
1767906720,+3.43, +4.313,+11.395,+0.938
1767907320,+3.43, +4.353,+11.348,+0.938
1767907920,+3.43, +4.333,+11.341,+0.939
1767908520,+3.43, +4.373,+11.247,+0.938
1767909120,+3.43, +4.393,+11.060,+0.939
1767909720,+3.43, +4.414,+11.089,+0.938
1767910320,+3.43, +4.414,+11.125,+0.939
1767910920,+3.43, +4.434,+11.120,+0.939
1767911520,+3.43, +4.414,+10.947,+0.939
1767912120,+3.43, +4.424,+10.867,+0.938
1767912720,+3.43, +4.444,+10.808,+0.939
1767913320,+3.43, +4.454,+10.788,+0.938
1767913920,+3.43, +4.424,+10.814,+0.938
1767914520,+3.43, +4.464,+10.589,+0.938
1767915120,+3.43, +4.424,+10.523,+0.939
1767915720,+3.43, +4.393,+10.462,+0.939
1767916320,+3.43, +4.383,+10.446,+0.939
1767916920,+3.43, +4.353,+10.459,+0.939
1767917520,+3.43, +4.343,+10.501,+0.939
1767918120,+3.43, +4.333,+10.603,+0.939
1767918720,+3.43, +4.313,+10.909,+0.938
1767919320,+3.43, +4.302,+11.114,+0.938
1767919920,+3.43, +4.292,+11.197,+0.938
1767920520,+3.43, +4.323,+11.217,+0.939
1767921120,+3.43, +4.323,+11.166,+0.939
1767921720,+3.43, +4.333,+10.762,+0.939
